1459 1948
24 1 98
24 152 44
24 690 24
24 913 7
24 1439 5
24 1440 68
1 595 78
1 1143 80
1 1392 61
1 1405 17
152 819 7
152 604 39
690 498 10
690 920 51
690 1020 78
690 1146 58
913 98 11
595 4 84
595 61 70
595 68 32
595 126 14
595 227 76
595 519 52
595 551 77
595 583 86
595 615 3
595 696 74
595 721 9
595 742 10
595 824 46
595 831 13
595 928 14
595 940 34
595 1032 66
595 1034 90
595 1110 54
1143 773 37
1392 647 91
1392 946 82
1392 1073 68
1392 1166 94
1405 1402 23
61 644 64
61 760 42
126 155 97
126 875 73
519 223 74
519 281 5
519 1421 95
551 819 98
615 76 37
615 194 36
615 294 62
615 1101 34
696 27 69
721 149 98
721 440 24
721 482 69
742 633 79
742 355 86
824 760 1
824 1221 56
824 930 61
824 1219 59
824 1220 61
831 998 84
831 584 40
831 321 36
831 718 22
940 1101 86
940 1140 19
940 684 66
940 958 29
940 977 5
1034 134 52
1110 567 56
1110 906 92
1110 683 72
1110 755 46
773 993 71
773 599 40
773 1222 30
773 1223 86
647 217 50
647 1230 43
946 1286 63
946 374 98
946 475 54
946 497 24
946 785 8
946 1166 44
1073 158 60
1073 420 39
1073 1390 9
1166 779 78
1402 518 82
156 2 80
156 1033 28
156 1286 98
2 951 18
2 1033 13
1286 1425 22
951 231 47
951 712 34
231 779 89
231 866 38
712 1130 33
712 157 65
712 587 30
712 974 27
459 3 29
459 166 98
459 997 22
3 997 30
166 997 64
166 25 51
166 131 23
166 302 76
166 661 53
166 1029 46
997 49 64
997 861 30
49 345 35
861 224 9
861 175 30
27 5 39
27 121 20
27 155 47
27 218 13
27 685 98
27 724 84
27 756 94
27 898 75
27 1009 18
27 1026 90
27 1132 10
27 1208 28
27 1242 79
27 1331 55
27 1350 69
27 1351 42
27 1352 91
27 1353 50
27 1354 26
27 1355 95
27 1356 89
27 1357 8
27 1358 38
27 1359 69
5 778 27
121 98 86
121 1036 7
218 377 19
685 446 74
685 1122 67
756 77 21
756 78 84
756 87 38
898 284 29
898 699 79
898 736 50
898 1005 19
898 1040 82
898 1052 10
1009 364 96
1026 251 76
1026 1064 43
1132 844 77
1132 320 95
1132 1388 33
1208 1206 71
1242 1240 99
1242 1294 53
1331 943 65
1355 1388 25
778 430 81
778 473 62
778 602 42
778 673 52
778 839 27
778 968 68
430 1273 81
430 585 18
430 104 80
430 350 74
430 1344 89
602 1004 42
673 1275 68
968 36 92
968 687 59
367 6 89
367 81 52
367 96 57
367 99 17
367 124 43
367 169 22
367 207 18
367 264 41
367 267 34
367 504 30
367 546 100
367 732 36
367 801 75
367 879 14
367 953 38
367 974 90
367 1055 40
367 1067 71
367 1411 11
81 626 77
81 12 38
81 33 34
81 169 42
81 202 92
81 495 76
81 1067 59
81 1179 65
81 1180 40
81 1181 92
81 1182 5
96 1231 84
96 1232 83
96 1261 93
99 46 6
99 850 93
124 267 1
124 953 35
124 979 38
124 1087 57
207 1067 6
264 41 26
264 1416 5
267 942 31
267 1240 96
267 1067 25
267 110 36
267 57 44
267 488 95
267 654 46
267 937 75
267 1348 64
267 1349 15
504 567 53
732 1067 86
732 879 6
801 388 87
801 974 75
879 953 80
879 752 95
953 1055 99
953 1372 47
974 777 83
974 854 80
974 1170 19
974 576 60
974 1055 98
1055 1105 89
1055 587 52
1055 971 96
1067 20 21
1067 623 83
1067 560 86
1067 1144 80
1067 1265 4
284 7 67
7 444 69
7 1141 40
444 259 77
444 895 100
444 1094 81
444 1141 53
259 213 11
259 222 58
259 1102 34
259 1149 53
895 542 80
807 8 88
807 86 51
807 472 89
807 802 89
8 819 85
8 1128 15
472 25 50
472 151 37
472 638 16
802 570 63
802 579 87
802 1315 9
819 85 36
819 90 34
819 93 10
819 106 53
819 142 57
819 179 75
819 184 53
819 219 35
819 241 58
819 245 71
819 253 80
819 261 91
819 332 77
819 433 35
819 464 59
819 465 28
819 493 83
819 494 46
819 525 38
819 526 95
819 533 89
819 540 68
819 579 7
819 585 38
819 604 78
819 609 55
819 717 12
819 731 69
819 844 75
819 862 8
819 900 88
819 966 81
819 1013 67
819 1131 91
819 1172 30
1128 1040 53
85 18 42
85 184 76
85 542 3
85 820 9
85 891 93
85 985 16
85 1127 5
85 1173 98
90 563 80
90 384 67
90 572 10
90 708 85
90 905 19
106 628 33
106 1451 38
106 1452 6
179 98 14
179 548 91
179 750 89
179 1017 34
241 638 91
241 281 52
241 820 35
241 394 70
241 870 16
241 1080 17
241 1156 41
253 465 70
253 688 44
253 147 97
253 676 24
253 791 27
253 1015 61
261 1171 61
332 127 62
433 13 11
433 83 79
433 404 99
433 418 18
433 623 38
433 764 30
433 832 92
433 867 22
433 873 94
433 973 73
433 1024 69
433 1052 8
433 1089 25
433 1144 99
464 422 76
464 43 46
464 605 91
464 905 98
464 920 30
464 1418 67
465 9 27
465 349 47
465 372 36
465 990 73
465 1100 11
465 1164 84
465 1172 64
494 194 62
494 739 63
494 925 41
526 1436 64
579 803 72
579 814 26
585 23 49
585 82 50
585 791 21
585 1130 38
609 844 3
609 563 73
717 680 12
731 98 97
731 1001 42
844 17 67
844 74 74
844 123 100
844 180 60
844 204 7
844 222 24
844 302 7
844 355 85
844 435 61
844 509 87
844 552 27
844 645 70
844 662 58
844 664 71
844 668 65
844 790 69
844 966 100
844 983 43
844 1035 55
844 1077 60
844 1115 2
844 1171 78
844 1266 98
844 1363 67
844 1382 77
844 1446 88
966 603 80
966 287 76
966 884 54
1013 334 17
1131 1368 24
1131 584 87
1131 529 70
1131 1041 52
1131 630 10
1172 937 81
1172 427 21
1172 487 15
1172 528 55
1040 98 95
1040 366 10
1040 320 65
1040 418 72
422 9 15
422 1418 25
9 688 26
1418 372 9
1418 610 19
688 1015 74
372 605 37
372 890 56
1100 1015 4
1100 521 41
1164 415 33
1164 800 98
1164 512 47
1164 413 48
1164 894 15
1164 1062 39
1164 1096 6
1015 205 47
1015 234 82
1015 1053 39
216 10 32
216 476 90
476 719 14
72 11 58
72 67 64
72 163 44
72 328 46
72 363 33
72 426 10
72 461 82
72 565 75
72 632 95
72 745 77
72 769 75
72 899 46
72 980 97
72 1117 96
72 1145 35
72 1201 98
72 1202 39
72 1203 77
11 154 4
11 291 44
11 601 59
11 626 69
11 728 45
11 933 88
11 1203 32
11 1216 27
67 163 43
67 336 36
67 461 3
67 1168 72
67 1432 46
328 613 71
328 766 85
328 1113 73
363 1158 54
426 22 49
426 448 31
426 829 18
565 1113 68
899 154 17
980 1002 14
980 1212 78
1117 792 65
1145 154 45
1145 686 83
1202 1211 100
1202 1212 1
154 131 2
154 188 60
154 257 83
154 358 76
154 441 33
154 751 3
154 758 22
154 811 2
154 1205 98
601 436 59
601 445 53
601 970 61
601 1037 88
626 12 36
728 760 64
1216 1234 3
131 113 78
131 116 82
131 303 28
131 386 82
131 460 29
131 614 96
131 678 7
131 995 53
131 1030 11
188 970 15
257 563 4
257 211 72
257 358 87
257 656 88
257 749 62
257 776 71
257 808 67
257 811 33
257 818 8
257 821 37
257 847 50
257 881 5
257 1043 61
811 865 19
811 515 8
811 523 1
811 586 76
811 607 83
811 1161 4
811 1163 32
436 79 79
436 603 97
436 629 96
436 635 39
436 894 97
436 1045 21
436 1154 90
445 969 52
445 979 75
445 584 41
445 168 31
445 603 34
445 1135 46
970 1101 90
970 378 55
970 437 53
970 449 14
970 463 44
970 603 61
970 640 80
970 669 83
1037 479 16
12 247 46
12 469 2
12 777 31
12 1074 8
12 1180 7
12 1197 22
12 1198 48
12 1199 6
12 1200 84
760 319 96
760 491 23
760 524 83
760 545 33
760 581 35
760 716 3
760 822 18
760 877 41
33 777 50
33 854 13
202 247 91
202 1074 54
202 165 81
202 22 32
202 448 29
202 810 60
495 633 99
1179 98 78
1180 942 45
1181 1186 24
247 176 88
247 655 3
247 1074 53
247 1429 89
469 1130 6
777 157 58
777 252 78
777 513 36
777 1130 3
1074 564 89
1074 655 91
1074 1391 38
1200 1344 57
655 1412 87
1130 138 56
1130 252 5
1130 324 57
1130 513 19
1130 238 53
1130 409 31
1130 524 36
1130 590 81
1130 652 14
1130 740 6
1130 939 70
1130 1170 19
1130 1184 11
1130 1185 99
157 1170 3
252 98 63
252 854 92
252 122 62
252 513 41
252 524 70
252 667 15
252 868 6
252 979 37
252 1056 9
252 1193 83
252 1233 70
513 98 89
513 854 21
513 122 18
513 524 45
513 868 85
513 979 52
513 1193 95
513 1233 35
942 14 96
942 66 27
942 821 6
942 927 17
942 971 62
942 1106 28
942 1310 26
942 1368 25
1344 1343 96
1344 1347 58
1344 1360 92
98 13 54
98 112 72
98 186 4
98 251 7
98 266 7
98 276 2
98 324 26
98 658 22
98 681 72
98 775 49
98 810 68
98 937 88
98 1021 30
98 1171 60
98 1241 20
98 1373 65
98 1374 51
98 1375 98
98 1376 17
98 1377 4
98 1378 35
98 1379 25
13 567 15
13 738 90
13 1273 95
112 308 7
186 50 12
186 108 66
251 301 11
251 1064 70
266 136 85
266 1168 89
276 77 11
276 467 1
276 643 57
276 687 78
324 1240 78
324 333 82
324 350 28
658 1165 81
658 352 75
681 1275 47
681 937 54
681 949 47
775 63 4
810 22 83
810 448 95
810 799 10
937 1025 37
1021 408 95
1021 394 6
1021 870 11
1171 789 45
1171 1019 68
1171 1061 66
1241 1240 65
1379 1457 39
567 17 57
567 29 23
567 59 94
567 62 96
567 125 92
567 130 66
567 204 99
567 337 63
567 353 22
567 360 58
567 382 30
567 481 46
567 516 65
567 735 78
567 762 78
567 771 44
567 825 79
567 835 21
567 860 32
567 863 8
567 962 83
567 987 54
567 1002 38
567 1085 82
567 1098 68
567 1137 86
1273 17 67
1273 122 88
1273 1041 33
1273 1221 9
1273 1274 73
83 148 18
83 366 59
83 522 1
83 1165 21
418 522 57
418 197 24
418 429 64
418 1371 55
623 20 18
867 1002 57
973 522 35
973 1371 11
1052 748 2
1052 817 80
1144 366 3
1144 522 21
17 1240 8
17 1368 23
59 906 59
130 134 7
130 294 54
130 343 35
204 63 87
204 185 21
204 350 36
204 1129 77
337 384 42
337 302 7
337 1212 67
337 603 99
337 890 30
353 906 11
360 641 6
360 1079 6
516 486 31
516 298 44
835 63 43
962 1155 25
987 355 17
1002 234 27
1002 982 71
1137 136 64
122 854 99
122 1275 90
122 189 93
122 280 6
122 338 4
122 425 5
122 471 70
122 536 14
122 849 56
122 1084 5
1041 341 87
1041 389 30
1041 442 5
1041 561 32
1041 938 8
1041 1044 75
1041 1090 1
1221 235 57
329 14 64
66 162 100
66 1254 2
821 1224 83
971 979 73
971 1087 70
971 503 64
1106 791 62
1106 1133 53
1106 1327 89
1310 139 8
1310 662 46
1368 559 63
1368 709 86
1368 1071 35
1368 1369 58
1368 1370 35
1368 1371 42
1105 15 1
345 16 13
345 48 8
345 140 17
345 208 37
345 230 37
345 275 87
345 520 95
345 594 33
345 606 62
345 783 88
345 969 42
345 1065 74
345 1091 73
345 1095 7
48 326 86
48 562 77
48 783 17
48 1065 41
48 1095 96
208 1212 44
230 321 71
275 1168 77
594 1240 69
594 936 39
606 109 9
969 28 21
969 107 58
1065 1235 42
1240 20 66
1240 69 80
1240 322 73
1240 375 32
1240 503 85
1240 727 81
1240 1087 45
1240 1195 3
1240 1243 39
1240 1244 6
1240 1245 32
1240 1246 28
1240 1247 56
1240 1248 11
1240 1249 34
74 1406 73
123 213 73
180 1113 39
180 664 39
180 920 51
222 834 1
222 556 15
302 638 4
302 563 8
302 948 1
355 757 65
355 53 15
355 213 63
355 572 84
355 584 35
355 737 13
355 759 16
355 1070 85
355 1228 85
355 1229 35
435 961 59
662 563 42
664 1275 78
664 961 8
664 1113 57
664 920 43
790 1066 8
983 924 7
983 369 88
983 370 18
983 882 8
983 1441 94
1035 920 39
1035 782 3
1035 805 52
1077 1275 23
1077 920 11
1115 22 85
1115 288 66
1115 448 53
1115 518 13
1266 1275 50
1266 791 64
1363 228 68
20 375 32
20 1195 64
20 1361 4
20 1362 92
69 563 78
322 920 7
322 466 48
375 488 38
503 908 1
503 780 45
727 574 64
1087 652 79
1087 921 57
1195 667 17
1243 1284 79
1244 384 40
1244 1251 30
1245 854 4
559 695 76
559 1415 44
709 320 7
1071 359 79
1071 1284 41
1371 1424 35
1371 1454 67
18 114 63
542 31 3
542 985 81
542 1174 9
542 1175 58
820 706 67
891 791 8
891 1127 73
985 31 39
192 19 86
192 64 95
192 317 67
192 851 23
192 909 72
64 851 50
64 909 20
64 1275 27
851 147 80
851 909 83
488 1057 35
560 667 91
560 1424 96
706 21 25
165 22 82
165 448 95
165 799 92
22 288 64
448 288 78
448 518 24
448 1264 59
799 1078 92
799 1125 40
799 1332 37
288 510 30
288 518 24
82 305 10
82 753 73
82 788 32
791 613 21
791 1267 18
791 1268 83
920 865 55
920 214 12
920 598 20
920 1124 57
1020 206 45
1020 672 66
1020 923 10
1020 976 52
25 263 46
25 347 65
25 620 83
25 638 35
25 784 22
25 789 6
25 955 26
25 1029 1
25 1063 72
661 537 64
1029 638 52
1029 784 4
1029 233 18
1029 341 66
1029 948 99
263 341 52
263 638 72
347 638 39
347 955 85
620 341 46
620 1108 69
638 39 60
638 119 3
638 249 90
638 341 95
638 402 63
638 423 45
638 507 69
638 508 54
638 592 28
638 784 53
638 787 47
638 931 67
638 948 82
638 955 24
638 996 26
638 998 62
638 1046 57
638 1063 43
638 1092 45
638 1151 16
784 55 58
784 255 27
784 341 83
955 341 51
1063 341 28
341 787 55
119 458 12
402 1092 97
508 1168 11
998 633 37
998 136 95
998 134 6
998 319 80
1092 56 24
1092 452 100
1092 553 37
1092 906 83
255 1047 54
255 660 95
255 804 15
233 52 25
233 318 5
233 603 43
233 1042 17
36 26 69
36 357 68
36 627 20
26 201 46
357 94 98
201 183 7
201 929 40
1036 134 76
446 961 24
446 343 79
446 571 63
446 1120 31
736 366 77
736 228 77
736 499 22
736 666 1
736 786 77
1064 273 24
1064 986 21
320 954 24
320 1187 99
320 1210 46
320 1385 34
320 1386 100
320 1387 84
1206 1210 32
1206 1207 9
1206 1209 62
1294 384 80
1294 313 8
1294 600 47
1294 972 71
1294 1295 79
1294 1296 49
1294 1297 13
943 798 29
943 726 55
943 1204 20
44 28 28
633 30 59
633 35 13
633 120 20
633 134 75
633 136 50
633 221 18
633 720 95
633 916 23
633 1017 39
633 1027 89
134 136 28
134 105 40
134 277 34
134 290 76
134 842 82
134 853 4
134 859 100
134 1070 90
134 1126 90
136 60 14
136 65 95
136 209 53
136 225 45
136 274 80
136 342 55
136 396 57
136 474 92
136 622 8
136 693 60
136 725 93
136 886 37
136 919 94
136 926 16
380 32 76
380 439 92
380 539 14
380 674 96
380 757 59
380 959 15
32 439 70
32 539 71
32 674 46
32 757 37
32 959 64
439 539 34
439 674 96
439 959 15
539 350 64
539 674 78
539 757 16
539 959 41
674 437 48
674 757 94
674 959 37
757 333 85
333 138 92
333 193 25
333 419 84
333 838 33
333 904 81
333 1142 9
333 1150 74
854 38 57
854 303 5
854 535 68
854 652 58
854 914 10
854 979 97
854 1193 36
854 1389 23
38 806 85
303 128 18
535 147 96
535 979 17
652 524 96
652 238 7
914 287 52
979 682 91
979 524 67
979 1056 47
979 1183 48
979 1186 93
1193 1192 53
147 34 33
147 40 79
147 42 9
147 70 45
147 101 85
147 117 99
147 135 49
147 177 56
147 195 29
147 242 38
147 246 53
147 282 79
147 295 10
147 297 27
147 299 36
147 300 36
147 312 67
147 376 46
147 447 2
147 478 19
147 480 24
147 511 56
147 531 87
147 544 55
147 547 47
147 557 71
147 570 70
147 589 22
147 597 97
147 624 97
147 677 55
147 741 74
147 763 75
147 797 43
147 840 53
147 852 20
147 897 48
147 907 28
147 910 91
147 918 9
147 978 75
147 981 44
147 992 78
147 999 17
147 1007 26
147 1022 91
147 1031 5
147 1049 17
147 1058 79
147 1097 86
147 1109 31
147 1153 46
147 1169 3
70 158 65
70 362 76
70 1403 11
70 1404 88
242 272 52
282 71 73
376 1289 64
511 657 59
570 657 84
597 398 23
457 37 18
457 389 46
389 1210 91
389 561 45
389 938 87
389 1044 32
389 1211 12
41 675 50
675 1449 40
400 43 53
400 1252 89
43 408 72
43 682 47
43 864 44
43 1001 4
43 1263 66
1252 1251 26
408 708 40
408 908 16
1001 1000 68
708 356 9
708 823 13
708 911 63
708 912 10
908 91 18
908 405 31
605 271 35
905 223 29
905 301 62
905 490 64
905 405 86
865 45 43
45 1250 19
458 47 98
458 199 31
458 268 45
458 431 18
458 639 96
458 697 100
458 698 27
458 701 40
458 826 88
199 159 33
199 262 59
199 443 59
268 1170 41
697 945 24
701 691 68
701 1420 52
1235 224 43
1235 1236 92
1235 1237 25
1235 1238 17
1235 1239 85
138 51 40
138 294 39
138 892 47
51 1162 69
294 214 32
1162 719 24
719 1261 35
719 521 80
719 684 58
719 1006 15
719 1295 24
719 1299 58
719 1300 38
719 1301 58
719 1302 76
719 1303 51
719 1304 35
719 1305 66
719 1306 88
719 1307 10
719 1308 52
719 1309 27
103 52 96
52 428 22
318 406 23
318 287 66
603 236 80
603 399 55
603 407 22
1042 537 86
1042 796 56
1042 963 39
213 153 48
213 1381 13
572 256 81
572 689 24
572 872 77
572 930 76
572 1116 46
584 162 62
584 232 100
584 1147 10
704 54 24
704 1436 77
54 858 56
573 56 54
452 1050 10
906 393 95
906 747 75
110 57 32
654 406 31
260 58 58
260 543 4
260 950 84
58 885 75
58 1093 8
58 1217 100
58 1218 51
543 770 87
543 950 51
950 770 88
1093 1275 29
1275 203 27
1275 210 41
1275 723 1
1275 883 67
1275 1014 46
1275 1187 56
1275 1226 8
1275 1276 53
1275 1277 2
1275 1278 79
1275 1279 68
1275 1280 8
1275 1281 26
1275 1282 58
1275 1283 25
393 683 93
393 1112 48
396 352 73
474 352 38
474 1028 53
474 1086 56
886 316 94
886 665 93
886 1008 35
926 689 81
926 901 71
644 351 5
351 306 20
351 765 98
319 278 60
319 774 48
319 960 37
524 198 15
524 1059 55
524 1196 60
63 828 87
63 967 69
1129 646 51
1129 963 21
1129 1207 13
1129 1329 52
203 335 1
203 529 85
210 271 91
210 541 24
210 636 49
723 618 85
883 924 77
883 370 13
883 882 18
1014 271 80
1014 935 69
1187 1186 57
162 391 37
162 421 19
162 901 1
391 1025 4
336 361 64
1168 340 20
1168 952 13
1168 989 25
1432 1450 25
361 141 44
361 191 55
361 279 49
361 323 50
361 1011 44
361 1104 88
340 1409 20
952 283 25
952 325 91
952 876 14
563 746 80
563 944 9
563 1269 68
563 1270 47
563 1271 77
563 1272 10
944 596 2
944 646 97
1269 1428 42
158 1123 70
158 1417 56
362 768 11
1403 1417 42
1123 220 94
1123 1088 58
1123 1225 60
1123 1430 72
1123 1431 72
768 866 10
768 848 61
613 1099 46
1113 153 93
1113 170 72
1113 411 2
1113 434 16
1113 514 95
1113 963 72
1113 1138 19
1212 1084 75
1212 1148 50
1212 205 79
1212 321 50
1212 607 27
1212 1213 70
1212 1214 3
1212 1215 38
792 1025 6
686 1190 39
686 1191 63
451 73 22
451 269 79
451 703 76
451 1139 33
269 703 82
703 321 52
1406 89 79
1406 301 27
1406 1407 94
89 286 88
89 715 90
301 80 51
301 223 49
301 281 37
301 146 95
301 405 11
301 534 43
301 1114 15
301 1408 37
683 75 66
683 755 22
683 809 86
683 841 40
683 1119 23
75 755 51
755 164 21
755 167 70
755 314 46
755 578 53
755 637 18
755 649 86
755 669 48
755 841 43
755 871 17
755 1119 60
194 1437 43
1101 956 64
1101 414 43
1101 129 20
1101 234 3
1101 501 86
1101 796 63
1101 963 57
1101 1155 45
894 537 92
220 80 66
220 823 72
220 834 80
220 856 69
220 1427 48
80 223 30
80 281 48
80 490 95
823 174 39
823 285 67
223 281 55
223 344 31
223 348 43
223 387 96
223 405 13
223 1410 28
223 1421 22
223 1422 87
223 1423 23
281 168 95
281 348 56
281 486 46
281 1400 97
281 1410 27
490 348 80
490 405 55
344 250 94
348 485 93
348 593 13
348 1399 47
348 1400 59
348 1401 53
1410 486 35
1410 1423 1
1400 395 21
146 1227 25
1186 1069 31
1186 1188 21
1186 1189 29
305 788 21
788 753 58
148 187 15
148 530 89
148 1148 75
530 331 39
530 947 14
366 744 80
522 1039 21
270 84 96
270 483 49
270 1054 53
270 1081 52
1081 395 72
1081 1345 48
1081 1346 95
961 88 29
961 133 85
961 178 91
961 330 6
961 339 94
961 371 56
961 496 15
961 529 29
961 663 13
961 689 21
961 795 19
961 836 14
961 902 33
961 1010 39
961 1048 16
961 1121 63
961 1136 18
961 1159 89
133 648 81
339 229 91
339 304 37
663 385 78
689 292 21
689 607 53
689 922 94
689 1152 70
1048 271 64
286 715 22
384 313 46
384 315 35
384 1298 57
313 306 79
313 1288 84
315 846 20
315 397 55
315 857 28
256 311 43
930 454 68
930 921 23
930 1116 5
911 956 93
781 91 56
830 92 65
830 965 70
92 965 89
965 240 65
965 1396 35
240 1396 79
240 915 86
240 1394 82
240 1395 13
240 1397 19
1396 239 76
1396 1394 36
1396 1395 10
1396 1414 42
711 95 39
711 181 40
711 239 44
711 293 46
711 935 81
181 793 25
1261 954 45
1261 1262 46
846 97 7
846 365 13
846 1016 20
846 1426 70
308 1157 10
548 1445 3
750 143 9
868 346 61
868 470 39
868 984 42
1056 1170 92
1056 500 43
1056 631 21
352 321 36
352 394 52
352 477 72
1025 390 21
394 870 99
406 100 84
406 173 33
406 278 64
406 287 7
406 432 58
406 619 81
406 855 87
406 917 45
278 287 76
287 432 37
287 1393 37
956 102 47
956 111 5
956 331 67
956 700 44
956 893 82
1099 115 16
1099 794 79
1099 903 92
273 118 65
273 410 41
536 528 75
536 1442 91
536 1443 93
536 1444 63
849 1082 89
849 1438 36
1084 454 78
454 171 41
454 468 72
454 754 50
921 972 60
127 414 53
215 129 29
129 383 84
129 506 98
129 532 67
129 591 45
129 612 75
383 730 78
612 991 90
991 611 73
234 659 82
963 368 75
963 1167 20
1155 174 4
1155 1160 2
214 1398 85
214 1413 41
555 132 83
555 549 79
555 702 43
555 1383 25
549 502 70
549 1134 6
648 568 25
648 670 26
648 812 34
648 994 15
568 670 8
670 190 8
1028 1086 69
1086 289 30
316 550 80
271 137 8
271 327 61
271 566 64
271 575 6
271 580 34
271 934 52
271 1023 5
904 1003 8
904 1284 46
238 455 27
1170 813 33
258 139 39
139 743 83
226 141 59
141 310 86
141 489 43
141 957 20
279 889 70
279 1103 33
1104 922 25
1104 1291 37
196 144 6
196 1256 3
1256 1224 84
1256 1257 33
1256 1258 33
837 145 71
837 890 36
890 887 65
272 880 37
676 714 6
1289 972 37
1289 1290 12
1289 1292 88
1289 1293 87
657 710 31
657 816 97
398 200 98
398 354 24
379 149 58
671 150 68
671 453 72
150 1047 26
818 972 66
818 1176 90
818 1177 100
818 1178 35
881 733 38
881 1102 30
586 1332 79
420 625 13
420 705 35
420 729 11
420 833 48
420 1076 77
1088 381 84
224 160 32
224 713 16
160 232 39
232 517 63
232 710 8
232 1259 10
517 941 24
710 397 43
1259 1260 1
450 161 54
450 442 87
450 485 26
161 707 81
442 416 82
442 554 25
485 1401 51
1264 692 92
1078 616 47
1125 505 100
1125 616 6
1332 1189 45
1332 1333 16
1332 1334 26
1332 1335 80
1332 1336 20
1332 1337 2
1332 1338 90
1332 1339 31
1332 1340 21
171 1107 81
468 359 94
754 417 81
229 172 18
172 304 79
285 512 97
285 734 64
1124 254 49
793 569 51
793 651 40
793 1006 76
569 403 82
651 1068 9
397 182 80
397 462 86
397 1433 98
397 1434 97
438 190 20
925 617 49
197 429 84
200 1435 63
335 653 97
335 1140 10
646 596 16
1207 1330 97
1329 1365 39
1329 1366 20
1329 1367 86
1215 1384 78
243 212 87
243 415 86
243 767 77
243 964 24
212 415 45
212 484 41
212 538 12
212 588 21
212 634 54
415 767 73
415 964 86
415 1018 39
767 964 52
1230 679 15
593 424 40
593 869 65
228 1364 33
866 373 33
866 630 45
399 407 93
659 888 40
582 235 34
466 237 20
466 993 94
466 1287 68
993 896 31
691 244 30
385 248 24
1192 401 32
1192 1194 55
972 1341 90
972 1380 92
800 265 7
1057 309 35
395 306 23
1346 1347 83
889 1103 27
1103 932 89
512 827 89
512 1111 84
512 1447 47
512 1448 79
1447 1453 92
392 289 96
359 296 11
306 692 47
306 1060 12
306 1328 97
1060 600 1
600 815 82
527 307 38
527 772 89
527 1075 70
307 642 18
772 815 44
1296 1341 24
550 1458 25
1003 975 2
1284 1285 100
1012 334 96
887 608 49
1409 1134 100
561 938 100
561 1044 45
938 1044 19
641 558 18
641 1079 76
1079 558 81
924 369 62
369 1441 26
497 492 50
577 381 57
381 878 24
1251 1253 70
403 1072 93
1255 412 82
1255 1312 69
1312 896 93
1312 1038 3
1312 1311 9
1312 1313 1
1312 1314 7
815 456 92
780 650 1
650 761 94
650 1083 36
574 505 68
505 1118 88
1118 694 99
1453 1455 40
1453 1456 1
1315 845 8
1315 1316 75
1315 1317 41
1315 1318 64
1315 1319 82
1315 1320 100
1315 1321 78
1315 1322 13
1315 1323 15
1315 1324 65
1315 1325 44
1315 1326 69
621 611 34
621 988 81
988 843 7
680 874 67
845 722 99
798 726 83
798 1051 19
726 1051 27
1051 1419 85
1341 1342 52
