1459 1948
1 24
1 595
1 1143
1 1392
1 1405
2 156
2 951
2 1033
3 459
3 997
4 595
5 27
5 778
6 367
7 284
7 444
7 1141
8 807
8 819
8 1128
9 465
9 422
9 688
10 216
11 72
11 154
11 291
11 601
11 626
11 728
11 933
11 1203
11 1216
12 81
12 626
12 247
12 469
12 777
12 1074
12 1180
12 1197
12 1198
12 1199
12 1200
13 433
13 98
13 567
13 738
13 1273
14 942
14 329
15 1105
16 345
17 844
17 567
17 1273
17 1240
17 1368
18 85
18 114
19 192
20 1067
20 623
20 1240
20 375
20 1195
20 1361
20 1362
21 706
22 426
22 202
22 810
22 1115
22 165
22 288
23 585
24 1
24 152
24 690
24 913
24 1439
24 1440
25 166
25 472
25 263
25 347
25 620
25 638
25 784
25 789
25 955
25 1029
25 1063
26 36
26 201
27 696
27 5
27 121
27 155
27 218
27 685
27 724
27 756
27 898
27 1009
27 1026
27 1132
27 1208
27 1242
27 1331
27 1350
27 1351
27 1352
27 1353
27 1354
27 1355
27 1356
27 1357
27 1358
27 1359
28 969
28 44
29 567
30 633
31 542
31 985
32 380
32 439
32 539
32 674
32 757
32 959
33 81
33 777
33 854
34 147
35 633
36 968
36 26
36 357
36 627
37 457
38 854
38 806
39 638
40 147
41 264
41 675
42 147
43 464
43 400
43 408
43 682
43 864
43 1001
43 1263
44 28
45 865
45 1250
46 99
47 458
48 345
48 326
48 562
48 783
48 1065
48 1095
49 997
49 345
50 186
51 138
51 1162
52 233
52 103
52 428
53 355
54 704
54 858
55 784
56 1092
56 573
57 267
57 110
58 260
58 885
58 1093
58 1217
58 1218
59 567
59 906
60 136
61 595
61 644
61 760
62 567
63 775
63 204
63 835
63 828
63 967
64 192
64 851
64 909
64 1275
65 136
66 942
66 162
66 1254
67 72
67 163
67 336
67 461
67 1168
67 1432
68 595
69 1240
69 563
70 147
70 158
70 362
70 1403
70 1404
71 282
72 11
72 67
72 163
72 328
72 363
72 426
72 461
72 565
72 632
72 745
72 769
72 899
72 980
72 1117
72 1145
72 1201
72 1202
72 1203
73 451
74 844
74 1406
75 683
75 755
76 615
77 756
77 276
78 756
79 436
80 301
80 220
80 223
80 281
80 490
81 367
81 626
81 12
81 33
81 169
81 202
81 495
81 1067
81 1179
81 1180
81 1181
81 1182
82 585
82 305
82 753
82 788
83 433
83 148
83 366
83 522
83 1165
84 270
85 819
85 18
85 184
85 542
85 820
85 891
85 985
85 1127
85 1173
86 807
87 756
88 961
89 1406
89 286
89 715
90 819
90 563
90 384
90 572
90 708
90 905
91 908
91 781
92 830
92 965
93 819
94 357
95 711
96 367
96 1231
96 1232
96 1261
97 846
98 913
98 121
98 179
98 731
98 1040
98 1179
98 252
98 513
98 13
98 112
98 186
98 251
98 266
98 276
98 324
98 658
98 681
98 775
98 810
98 937
98 1021
98 1171
98 1241
98 1373
98 1374
98 1375
98 1376
98 1377
98 1378
98 1379
99 367
99 46
99 850
100 406
101 147
102 956
103 52
104 430
105 134
106 819
106 628
106 1451
106 1452
107 969
108 186
109 606
110 267
110 57
111 956
112 98
112 308
113 131
114 18
115 1099
116 131
117 147
118 273
119 638
119 458
120 633
121 27
121 98
121 1036
122 252
122 513
122 1273
122 854
122 1275
122 189
122 280
122 338
122 425
122 471
122 536
122 849
122 1084
123 844
123 213
124 367
124 267
124 953
124 979
124 1087
125 567
126 595
126 155
126 875
127 332
127 414
128 303
129 1101
129 215
129 383
129 506
129 532
129 591
129 612
130 567
130 134
130 294
130 343
131 166
131 154
131 113
131 116
131 303
131 386
131 460
131 614
131 678
131 995
131 1030
132 555
133 961
133 648
134 1034
134 130
134 998
134 1036
134 633
134 136
134 105
134 277
134 290
134 842
134 853
134 859
134 1070
134 1126
135 147
136 266
136 1137
136 998
136 633
136 134
136 60
136 65
136 209
136 225
136 274
136 342
136 396
136 474
136 622
136 693
136 725
136 886
136 919
136 926
137 271
138 1130
138 333
138 51
138 294
138 892
139 1310
139 258
139 743
140 345
141 361
141 226
141 310
141 489
141 957
142 819
143 750
144 196
145 837
146 301
146 1227
147 253
147 851
147 535
147 34
147 40
147 42
147 70
147 101
147 117
147 135
147 177
147 195
147 242
147 246
147 282
147 295
147 297
147 299
147 300
147 312
147 376
147 447
147 478
147 480
147 511
147 531
147 544
147 547
147 557
147 570
147 589
147 597
147 624
147 677
147 741
147 763
147 797
147 840
147 852
147 897
147 907
147 910
147 918
147 978
147 981
147 992
147 999
147 1007
147 1022
147 1031
147 1049
147 1058
147 1097
147 1109
147 1153
147 1169
148 83
148 187
148 530
148 1148
149 721
149 379
150 671
150 1047
151 472
152 24
152 819
152 604
153 213
153 1113
154 11
154 899
154 1145
154 131
154 188
154 257
154 358
154 441
154 751
154 758
154 811
154 1205
155 126
155 27
156 2
156 1033
156 1286
157 712
157 777
157 1170
158 1073
158 70
158 1123
158 1417
159 199
160 224
160 232
161 450
161 707
162 66
162 584
162 391
162 421
162 901
163 72
163 67
164 755
165 202
165 22
165 448
165 799
166 459
166 997
166 25
166 131
166 302
166 661
166 1029
167 755
168 445
168 281
169 367
169 81
170 1113
171 454
171 1107
172 229
172 304
173 406
174 823
174 1155
175 861
176 247
177 147
178 961
179 819
179 98
179 548
179 750
179 1017
180 844
180 1113
180 664
180 920
181 711
181 793
182 397
183 201
184 819
184 85
185 204
186 98
186 50
186 108
187 148
188 154
188 970
189 122
190 670
190 438
191 361
192 19
192 64
192 317
192 851
192 909
193 333
194 615
194 494
194 1437
195 147
196 144
196 1256
197 418
197 429
198 524
199 458
199 159
199 262
199 443
200 398
200 1435
201 26
201 183
201 929
202 81
202 247
202 1074
202 165
202 22
202 448
202 810
203 1275
203 335
203 529
204 844
204 567
204 63
204 185
204 350
204 1129
205 1015
205 1212
206 1020
207 367
207 1067
208 345
208 1212
209 136
210 1275
210 271
210 541
210 636
211 257
212 243
212 415
212 484
212 538
212 588
212 634
213 259
213 123
213 355
213 153
213 1381
214 920
214 294
214 1398
214 1413
215 129
216 10
216 476
217 647
218 27
218 377
219 819
220 1123
220 80
220 823
220 834
220 856
220 1427
221 633
222 259
222 844
222 834
222 556
223 519
223 905
223 301
223 80
223 281
223 344
223 348
223 387
223 405
223 1410
223 1421
223 1422
223 1423
224 861
224 1235
224 160
224 713
225 136
226 141
227 595
228 1363
228 736
228 1364
229 339
229 172
230 345
230 321
231 951
231 779
231 866
232 584
232 160
232 517
232 710
232 1259
233 1029
233 52
233 318
233 603
233 1042
234 1015
234 1002
234 1101
234 659
235 1221
235 582
236 603
237 466
238 1130
238 652
238 455
239 1396
239 711
240 965
240 1396
240 915
240 1394
240 1395
240 1397
241 819
241 638
241 281
241 820
241 394
241 870
241 1080
241 1156
242 147
242 272
243 212
243 415
243 767
243 964
244 691
245 819
246 147
247 12
247 202
247 176
247 655
247 1074
247 1429
248 385
249 638
250 344
251 1026
251 98
251 301
251 1064
252 777
252 1130
252 98
252 854
252 122
252 513
252 524
252 667
252 868
252 979
252 1056
252 1193
252 1233
253 819
253 465
253 688
253 147
253 676
253 791
253 1015
254 1124
255 784
255 1047
255 660
255 804
256 572
256 311
257 154
257 563
257 211
257 358
257 656
257 749
257 776
257 808
257 811
257 818
257 821
257 847
257 881
257 1043
258 139
259 444
259 213
259 222
259 1102
259 1149
260 58
260 543
260 950
261 819
261 1171
262 199
263 25
263 341
263 638
264 367
264 41
264 1416
265 800
266 98
266 136
266 1168
267 367
267 124
267 942
267 1240
267 1067
267 110
267 57
267 488
267 654
267 937
267 1348
267 1349
268 458
268 1170
269 451
269 703
270 84
270 483
270 1054
270 1081
271 605
271 210
271 1014
271 1048
271 137
271 327
271 566
271 575
271 580
271 934
271 1023
272 242
272 880
273 1064
273 118
273 410
274 136
275 345
275 1168
276 98
276 77
276 467
276 643
276 687
277 134
278 319
278 406
278 287
279 361
279 889
279 1103
280 122
281 519
281 241
281 301
281 80
281 223
281 168
281 348
281 486
281 1400
281 1410
282 147
282 71
283 952
284 898
284 7
285 823
285 512
285 734
286 89
286 715
287 966
287 914
287 318
287 406
287 278
287 432
287 1393
288 1115
288 22
288 448
288 510
288 518
289 1086
289 392
290 134
291 11
292 689
293 711
294 615
294 130
294 138
294 214
295 147
296 359
297 147
298 516
299 147
300 147
301 251
301 905
301 1406
301 80
301 223
301 281
301 146
301 405
301 534
301 1114
301 1408
302 166
302 844
302 337
302 638
302 563
302 948
303 131
303 854
303 128
304 339
304 172
305 82
305 788
306 351
306 313
306 395
306 692
306 1060
306 1328
307 527
307 642
308 112
308 1157
309 1057
310 141
311 256
312 147
313 1294
313 384
313 306
313 1288
314 755
315 384
315 846
315 397
315 857
316 886
316 550
317 192
318 233
318 406
318 287
319 760
319 998
319 278
319 774
319 960
320 1132
320 1040
320 709
320 954
320 1187
320 1210
320 1385
320 1386
320 1387
321 831
321 230
321 1212
321 703
321 352
322 1240
322 920
322 466
323 361
324 1130
324 98
324 1240
324 333
324 350
325 952
326 48
327 271
328 72
328 613
328 766
328 1113
329 14
330 961
331 530
331 956
332 819
332 127
333 324
333 757
333 138
333 193
333 419
333 838
333 904
333 1142
333 1150
334 1013
334 1012
335 203
335 653
335 1140
336 67
336 361
337 567
337 384
337 302
337 1212
337 603
337 890
338 122
339 961
339 229
339 304
340 1168
340 1409
341 1041
341 1029
341 263
341 620
341 638
341 784
341 955
341 1063
341 787
342 136
343 130
343 446
344 223
344 250
345 49
345 16
345 48
345 140
345 208
345 230
345 275
345 520
345 594
345 606
345 783
345 969
345 1065
345 1091
345 1095
346 868
347 25
347 638
347 955
348 223
348 281
348 490
348 485
348 593
348 1399
348 1400
348 1401
349 465
350 430
350 324
350 204
350 539
351 644
351 306
351 765
352 658
352 396
352 474
352 321
352 394
352 477
353 567
353 906
354 398
355 742
355 844
355 987
355 757
355 53
355 213
355 572
355 584
355 737
355 759
355 1070
355 1228
355 1229
356 708
357 36
357 94
358 154
358 257
359 1071
359 468
359 296
360 567
360 641
360 1079
361 336
361 141
361 191
361 279
361 323
361 1011
361 1104
362 70
362 768
363 72
363 1158
364 1009
365 846
366 1040
366 83
366 1144
366 736
366 744
367 6
367 81
367 96
367 99
367 124
367 169
367 207
367 264
367 267
367 504
367 546
367 732
367 801
367 879
367 953
367 974
367 1055
367 1067
367 1411
368 963
369 983
369 924
369 1441
370 983
370 883
371 961
372 465
372 1418
372 605
372 890
373 866
374 946
375 1240
375 20
375 488
376 147
376 1289
377 218
378 970
379 149
380 32
380 439
380 539
380 674
380 757
380 959
381 1088
381 577
381 878
382 567
383 129
383 730
384 90
384 337
384 1244
384 1294
384 313
384 315
384 1298
385 663
385 248
386 131
387 223
388 801
389 1041
389 457
389 1210
389 561
389 938
389 1044
389 1211
390 1025
391 162
391 1025
392 289
393 906
393 683
393 1112
394 241
394 1021
394 352
394 870
395 1400
395 1081
395 306
396 136
396 352
397 315
397 710
397 182
397 462
397 1433
397 1434
398 597
398 200
398 354
399 603
399 407
400 43
400 1252
401 1192
402 638
402 1092
403 569
403 1072
404 433
405 908
405 905
405 301
405 223
405 490
406 318
406 654
406 100
406 173
406 278
406 287
406 432
406 619
406 855
406 917
407 603
407 399
408 1021
408 43
408 708
408 908
409 1130
410 273
411 1113
412 1255
413 1164
414 1101
414 127
415 1164
415 243
415 212
415 767
415 964
415 1018
416 442
417 754
418 433
418 1040
418 522
418 197
418 429
418 1371
419 333
420 1073
420 625
420 705
420 729
420 833
420 1076
421 162
422 464
422 9
422 1418
423 638
424 593
425 122
426 72
426 22
426 448
426 829
427 1172
428 52
429 418
429 197
430 778
430 1273
430 585
430 104
430 350
430 1344
431 458
432 406
432 287
433 819
433 13
433 83
433 404
433 418
433 623
433 764
433 832
433 867
433 873
433 973
433 1024
433 1052
433 1089
433 1144
434 1113
435 844
435 961
436 601
436 79
436 603
436 629
436 635
436 894
436 1045
436 1154
437 970
437 674
438 190
439 380
439 32
439 539
439 674
439 959
440 721
441 154
442 1041
442 450
442 416
442 554
443 199
444 7
444 259
444 895
444 1094
444 1141
445 601
445 969
445 979
445 584
445 168
445 603
445 1135
446 685
446 961
446 343
446 571
446 1120
447 147
448 426
448 202
448 810
448 1115
448 165
448 288
448 518
448 1264
449 970
450 161
450 442
450 485
451 73
451 269
451 703
451 1139
452 1092
452 1050
453 671
454 930
454 1084
454 171
454 468
454 754
455 238
456 815
457 37
457 389
458 119
458 47
458 199
458 268
458 431
458 639
458 697
458 698
458 701
458 826
459 3
459 166
459 997
460 131
461 72
461 67
462 397
463 970
464 819
464 422
464 43
464 605
464 905
464 920
464 1418
465 819
465 253
465 9
465 349
465 372
465 990
465 1100
465 1164
465 1172
466 322
466 237
466 993
466 1287
467 276
468 454
468 359
469 12
469 1130
470 868
471 122
472 807
472 25
472 151
472 638
473 778
474 136
474 352
474 1028
474 1086
475 946
476 216
476 719
477 352
478 147
479 1037
480 147
481 567
482 721
483 270
484 212
485 348
485 450
485 1401
486 516
486 281
486 1410
487 1172
488 267
488 375
488 1057
489 141
490 905
490 80
490 348
490 405
491 760
492 497
493 819
494 819
494 194
494 739
494 925
495 81
495 633
496 961
497 946
497 492
498 690
499 736
500 1056
501 1101
502 549
503 971
503 1240
503 908
503 780
504 367
504 567
505 1125
505 574
505 1118
506 129
507 638
508 638
508 1168
509 844
510 288
511 147
511 657
512 1164
512 285
512 827
512 1111
512 1447
512 1448
513 777
513 1130
513 252
513 98
513 854
513 122
513 524
513 868
513 979
513 1193
513 1233
514 1113
515 811
516 567
516 486
516 298
517 232
517 941
518 1402
518 1115
518 448
518 288
519 595
519 223
519 281
519 1421
520 345
521 1100
521 719
522 83
522 418
522 973
522 1144
522 1039
523 811
524 760
524 1130
524 252
524 513
524 652
524 979
524 198
524 1059
524 1196
525 819
526 819
526 1436
527 307
527 772
527 1075
528 1172
528 536
529 1131
529 203
529 961
530 148
530 331
530 947
531 147
532 129
533 819
534 301
535 854
535 147
535 979
536 122
536 528
536 1442
536 1443
536 1444
537 661
537 1042
537 894
538 212
539 380
539 32
539 439
539 350
539 674
539 757
539 959
540 819
541 210
542 895
542 85
542 31
542 985
542 1174
542 1175
543 260
543 770
543 950
544 147
545 760
546 367
547 147
548 179
548 1445
549 555
549 502
549 1134
550 316
550 1458
551 595
551 819
552 844
553 1092
554 442
555 132
555 549
555 702
555 1383
556 222
557 147
558 641
558 1079
559 1368
559 695
559 1415
560 1067
560 667
560 1424
561 1041
561 389
561 938
561 1044
562 48
563 90
563 609
563 257
563 302
563 662
563 69
563 746
563 944
563 1269
563 1270
563 1271
563 1272
564 1074
565 72
565 1113
566 271
567 1110
567 504
567 13
567 17
567 29
567 59
567 62
567 125
567 130
567 204
567 337
567 353
567 360
567 382
567 481
567 516
567 735
567 762
567 771
567 825
567 835
567 860
567 863
567 962
567 987
567 1002
567 1085
567 1098
567 1137
568 648
568 670
569 793
569 403
570 802
570 147
570 657
571 446
572 90
572 355
572 256
572 689
572 872
572 930
572 1116
573 56
574 727
574 505
575 271
576 974
577 381
578 755
579 802
579 819
579 803
579 814
580 271
581 760
582 235
583 595
584 831
584 1131
584 445
584 355
584 162
584 232
584 1147
585 430
585 819
585 23
585 82
585 791
585 1130
586 811
586 1332
587 712
587 1055
588 212
589 147
590 1130
591 129
592 638
593 348
593 424
593 869
594 345
594 1240
594 936
595 1
595 4
595 61
595 68
595 126
595 227
595 519
595 551
595 583
595 615
595 696
595 721
595 742
595 824
595 831
595 928
595 940
595 1032
595 1034
595 1110
596 944
596 646
597 147
597 398
598 920
599 773
600 1294
600 1060
600 815
601 11
601 436
601 445
601 970
601 1037
602 778
602 1004
603 966
603 436
603 445
603 970
603 337
603 233
603 236
603 399
603 407
604 152
604 819
605 464
605 372
605 271
606 345
606 109
607 811
607 1212
607 689
608 887
609 819
609 844
609 563
610 1418
611 991
611 621
612 129
612 991
613 328
613 791
613 1099
614 131
615 595
615 76
615 194
615 294
615 1101
616 1078
616 1125
617 925
618 723
619 406
620 25
620 341
620 1108
621 611
621 988
622 136
623 1067
623 433
623 20
624 147
625 420
626 81
626 11
626 12
627 36
628 106
629 436
630 1131
630 866
631 1056
632 72
633 742
633 495
633 998
633 30
633 35
633 120
633 134
633 136
633 221
633 720
633 916
633 1017
633 1027
634 212
635 436
636 210
637 755
638 472
638 241
638 302
638 25
638 1029
638 263
638 347
638 39
638 119
638 249
638 341
638 402
638 423
638 507
638 508
638 592
638 784
638 787
638 931
638 948
638 955
638 996
638 998
638 1046
638 1063
638 1092
638 1151
639 458
640 970
641 360
641 558
641 1079
642 307
643 276
644 61
644 351
645 844
646 1129
646 944
646 596
647 1392
647 217
647 1230
648 133
648 568
648 670
648 812
648 994
649 755
650 780
650 761
650 1083
651 793
651 1068
652 1130
652 1087
652 854
652 524
652 238
653 335
654 267
654 406
655 247
655 1074
655 1412
656 257
657 511
657 570
657 710
657 816
658 98
658 1165
658 352
659 234
659 888
660 255
661 166
661 537
662 844
662 1310
662 563
663 961
663 385
664 844
664 180
664 1275
664 961
664 1113
664 920
665 886
666 736
667 252
667 1195
667 560
668 844
669 970
669 755
670 648
670 568
670 190
671 150
671 453
672 1020
673 778
673 1275
674 380
674 32
674 439
674 539
674 437
674 757
674 959
675 41
675 1449
676 253
676 714
677 147
678 131
679 1230
680 717
680 874
681 98
681 1275
681 937
681 949
682 979
682 43
683 1110
683 393
683 75
683 755
683 809
683 841
683 1119
684 940
684 719
685 27
685 446
685 1122
686 1145
686 1190
686 1191
687 968
687 276
688 253
688 9
688 1015
689 572
689 926
689 961
689 292
689 607
689 922
689 1152
690 24
690 498
690 920
690 1020
690 1146
691 701
691 244
692 1264
692 306
693 136
694 1118
695 559
696 595
696 27
697 458
697 945
698 458
699 898
700 956
701 458
701 691
701 1420
702 555
703 451
703 269
703 321
704 54
704 1436
705 420
706 820
706 21
707 161
708 90
708 408
708 356
708 823
708 911
708 912
709 1368
709 320
710 657
710 232
710 397
711 95
711 181
711 239
711 293
711 935
712 951
712 1130
712 157
712 587
712 974
713 224
714 676
715 89
715 286
716 760
717 819
717 680
718 831
719 476
719 1162
719 1261
719 521
719 684
719 1006
719 1295
719 1299
719 1300
719 1301
719 1302
719 1303
719 1304
719 1305
719 1306
719 1307
719 1308
719 1309
720 633
721 595
721 149
721 440
721 482
722 845
723 1275
723 618
724 27
725 136
726 943
726 798
726 1051
727 1240
727 574
728 11
728 760
729 420
730 383
731 819
731 98
731 1001
732 367
732 1067
732 879
733 881
734 285
735 567
736 898
736 366
736 228
736 499
736 666
736 786
737 355
738 13
739 494
740 1130
741 147
742 595
742 633
742 355
743 139
744 366
745 72
746 563
747 906
748 1052
749 257
750 179
750 143
751 154
752 879
753 82
753 788
754 454
754 417
755 1110
755 683
755 75
755 164
755 167
755 314
755 578
755 637
755 649
755 669
755 841
755 871
755 1119
756 27
756 77
756 78
756 87
757 355
757 380
757 32
757 539
757 674
757 333
758 154
759 355
760 61
760 824
760 728
760 319
760 491
760 524
760 545
760 581
760 716
760 822
760 877
761 650
762 567
763 147
764 433
765 351
766 328
767 243
767 415
767 964
768 362
768 866
768 848
769 72
770 543
770 950
771 567
772 527
772 815
773 1143
773 993
773 599
773 1222
773 1223
774 319
775 98
775 63
776 257
777 974
777 12
777 33
777 157
777 252
777 513
777 1130
778 5
778 430
778 473
778 602
778 673
778 839
778 968
779 1166
779 231
780 503
780 650
781 91
782 1035
783 345
783 48
784 25
784 1029
784 638
784 55
784 255
784 341
785 946
786 736
787 638
787 341
788 82
788 305
788 753
789 1171
789 25
790 844
790 1066
791 253
791 585
791 1106
791 1266
791 891
791 613
791 1267
791 1268
792 1117
792 1025
793 181
793 569
793 651
793 1006
794 1099
795 961
796 1042
796 1101
797 147
798 943
798 726
798 1051
799 810
799 165
799 1078
799 1125
799 1332
800 1164
800 265
801 367
801 388
801 974
802 807
802 570
802 579
802 1315
803 579
804 255
805 1035
806 38
807 8
807 86
807 472
807 802
808 257
809 683
810 202
810 98
810 22
810 448
810 799
811 154
811 257
811 865
811 515
811 523
811 586
811 607
811 1161
811 1163
812 648
813 1170
814 579
815 600
815 772
815 456
816 657
817 1052
818 257
818 972
818 1176
818 1177
818 1178
819 152
819 551
819 8
819 85
819 90
819 93
819 106
819 142
819 179
819 184
819 219
819 241
819 245
819 253
819 261
819 332
819 433
819 464
819 465
819 493
819 494
819 525
819 526
819 533
819 540
819 579
819 585
819 604
819 609
819 717
819 731
819 844
819 862
819 900
819 966
819 1013
819 1131
819 1172
820 85
820 241
820 706
821 257
821 942
821 1224
822 760
823 708
823 220
823 174
823 285
824 595
824 760
824 1221
824 930
824 1219
824 1220
825 567
826 458
827 512
828 63
829 426
830 92
830 965
831 595
831 998
831 584
831 321
831 718
832 433
833 420
834 222
834 220
835 567
835 63
836 961
837 145
837 890
838 333
839 778
840 147
841 683
841 755
842 134
843 988
844 1132
844 819
844 609
844 17
844 74
844 123
844 180
844 204
844 222
844 302
844 355
844 435
844 509
844 552
844 645
844 662
844 664
844 668
844 790
844 966
844 983
844 1035
844 1077
844 1115
844 1171
844 1266
844 1363
844 1382
844 1446
845 1315
845 722
846 315
846 97
846 365
846 1016
846 1426
847 257
848 768
849 122
849 1082
849 1438
850 99
851 192
851 64
851 147
851 909
852 147
853 134
854 974
854 33
854 252
854 513
854 122
854 1245
854 38
854 303
854 535
854 652
854 914
854 979
854 1193
854 1389
855 406
856 220
857 315
858 54
859 134
860 567
861 997
861 224
861 175
862 819
863 567
864 43
865 811
865 920
865 45
866 231
866 768
866 373
866 630
867 433
867 1002
868 252
868 513
868 346
868 470
868 984
869 593
870 241
870 1021
870 394
871 755
872 572
873 433
874 680
875 126
876 952
877 760
878 381
879 367
879 732
879 953
879 752
880 272
881 257
881 733
881 1102
882 983
882 883
883 1275
883 924
883 370
883 882
884 966
885 58
886 136
886 316
886 665
886 1008
887 890
887 608
888 659
889 279
889 1103
890 372
890 337
890 837
890 887
891 85
891 791
891 1127
892 138
893 956
894 1164
894 436
894 537
895 444
895 542
896 993
896 1312
897 147
898 27
898 284
898 699
898 736
898 1005
898 1040
898 1052
899 72
899 154
900 819
901 926
901 162
902 961
903 1099
904 333
904 1003
904 1284
905 90
905 464
905 223
905 301
905 490
905 405
906 1110
906 59
906 353
906 1092
906 393
906 747
907 147
908 503
908 408
908 91
908 405
909 192
909 64
909 851
910 147
911 708
911 956
912 708
913 24
913 98
914 854
914 287
915 240
916 633
917 406
918 147
919 136
920 690
920 464
920 180
920 664
920 1035
920 1077
920 322
920 865
920 214
920 598
920 1124
921 1087
921 930
921 972
922 689
922 1104
923 1020
924 983
924 883
924 369
925 494
925 617
926 136
926 689
926 901
927 942
928 595
929 201
930 824
930 572
930 454
930 921
930 1116
931 638
932 1103
933 11
934 271
935 1014
935 711
936 594
937 267
937 1172
937 98
937 681
937 1025
938 1041
938 389
938 561
938 1044
939 1130
940 595
940 1101
940 1140
940 684
940 958
940 977
941 517
942 267
942 1180
942 14
942 66
942 821
942 927
942 971
942 1106
942 1310
942 1368
943 1331
943 798
943 726
943 1204
944 563
944 596
944 646
945 697
946 1392
946 1286
946 374
946 475
946 497
946 785
946 1166
947 530
948 302
948 1029
948 638
949 681
950 260
950 543
950 770
951 2
951 231
951 712
952 1168
952 283
952 325
952 876
953 367
953 124
953 879
953 1055
953 1372
954 320
954 1261
955 25
955 347
955 638
955 341
956 1101
956 911
956 102
956 111
956 331
956 700
956 893
957 141
958 940
959 380
959 32
959 439
959 539
959 674
960 319
961 435
961 664
961 446
961 88
961 133
961 178
961 330
961 339
961 371
961 496
961 529
961 663
961 689
961 795
961 836
961 902
961 1010
961 1048
961 1121
961 1136
961 1159
962 567
962 1155
963 1042
963 1129
963 1113
963 1101
963 368
963 1167
964 243
964 415
964 767
965 830
965 92
965 240
965 1396
966 819
966 844
966 603
966 287
966 884
967 63
968 778
968 36
968 687
969 445
969 345
969 28
969 107
970 601
970 188
970 1101
970 378
970 437
970 449
970 463
970 603
970 640
970 669
971 1055
971 942
971 979
971 1087
971 503
972 1294
972 921
972 1289
972 818
972 1341
972 1380
973 433
973 522
973 1371
974 712
974 367
974 801
974 777
974 854
974 1170
974 576
974 1055
975 1003
976 1020
977 940
978 147
979 124
979 445
979 252
979 513
979 971
979 854
979 535
979 682
979 524
979 1056
979 1183
979 1186
980 72
980 1002
980 1212
981 147
982 1002
983 844
983 924
983 369
983 370
983 882
983 1441
984 868
985 85
985 542
985 31
986 1064
987 567
987 355
988 621
988 843
989 1168
990 465
991 612
991 611
992 147
993 773
993 466
993 896
994 648
995 131
996 638
997 459
997 3
997 166
997 49
997 861
998 831
998 638
998 633
998 136
998 134
998 319
999 147
1000 1001
1001 731
1001 43
1001 1000
1002 980
1002 567
1002 867
1002 234
1002 982
1003 904
1003 975
1004 602
1005 898
1006 719
1006 793
1007 147
1008 886
1009 27
1009 364
1010 961
1011 361
1012 334
1013 819
1013 334
1014 1275
1014 271
1014 935
1015 253
1015 688
1015 1100
1015 205
1015 234
1015 1053
1016 846
1017 179
1017 633
1018 415
1019 1171
1020 690
1020 206
1020 672
1020 923
1020 976
1021 98
1021 408
1021 394
1021 870
1022 147
1023 271
1024 433
1025 937
1025 391
1025 792
1025 390
1026 27
1026 251
1026 1064
1027 633
1028 474
1028 1086
1029 166
1029 25
1029 638
1029 784
1029 233
1029 341
1029 948
1030 131
1031 147
1032 595
1033 156
1033 2
1034 595
1034 134
1035 844
1035 920
1035 782
1035 805
1036 121
1036 134
1037 601
1037 479
1038 1312
1039 522
1040 898
1040 1128
1040 98
1040 366
1040 320
1040 418
1041 1131
1041 1273
1041 341
1041 389
1041 442
1041 561
1041 938
1041 1044
1041 1090
1042 233
1042 537
1042 796
1042 963
1043 257
1044 1041
1044 389
1044 561
1044 938
1045 436
1046 638
1047 255
1047 150
1048 961
1048 271
1049 147
1050 452
1051 798
1051 726
1051 1419
1052 898
1052 433
1052 748
1052 817
1053 1015
1054 270
1055 367
1055 953
1055 974
1055 1105
1055 587
1055 971
1056 252
1056 979
1056 1170
1056 500
1056 631
1057 488
1057 309
1058 147
1059 524
1060 306
1060 600
1061 1171
1062 1164
1063 25
1063 638
1063 341
1064 1026
1064 251
1064 273
1064 986
1065 345
1065 48
1065 1235
1066 790
1067 367
1067 81
1067 207
1067 267
1067 732
1067 20
1067 623
1067 560
1067 1144
1067 1265
1068 651
1069 1186
1070 355
1070 134
1071 1368
1071 359
1071 1284
1072 403
1073 1392
1073 158
1073 420
1073 1390
1074 12
1074 202
1074 247
1074 564
1074 655
1074 1391
1075 527
1076 420
1077 844
1077 1275
1077 920
1078 799
1078 616
1079 360
1079 641
1079 558
1080 241
1081 270
1081 395
1081 1345
1081 1346
1082 849
1083 650
1084 122
1084 1212
1084 454
1085 567
1086 474
1086 1028
1086 289
1087 124
1087 971
1087 1240
1087 652
1087 921
1088 1123
1088 381
1089 433
1090 1041
1091 345
1092 638
1092 402
1092 56
1092 452
1092 553
1092 906
1093 58
1093 1275
1094 444
1095 345
1095 48
1096 1164
1097 147
1098 567
1099 613
1099 115
1099 794
1099 903
1100 465
1100 1015
1100 521
1101 615
1101 940
1101 970
1101 956
1101 414
1101 129
1101 234
1101 501
1101 796
1101 963
1101 1155
1102 259
1102 881
1103 279
1103 889
1103 932
1104 361
1104 922
1104 1291
1105 1055
1105 15
1106 942
1106 791
1106 1133
1106 1327
1107 171
1108 620
1109 147
1110 595
1110 567
1110 906
1110 683
1110 755
1111 512
1112 393
1113 328
1113 565
1113 180
1113 664
1113 153
1113 170
1113 411
1113 434
1113 514
1113 963
1113 1138
1114 301
1115 844
1115 22
1115 288
1115 448
1115 518
1116 572
1116 930
1117 72
1117 792
1118 505
1118 694
1119 683
1119 755
1120 446
1121 961
1122 685
1123 158
1123 220
1123 1088
1123 1225
1123 1430
1123 1431
1124 920
1124 254
1125 799
1125 505
1125 616
1126 134
1127 85
1127 891
1128 8
1128 1040
1129 204
1129 646
1129 963
1129 1207
1129 1329
1130 712
1130 585
1130 469
1130 777
1130 138
1130 252
1130 324
1130 513
1130 238
1130 409
1130 524
1130 590
1130 652
1130 740
1130 939
1130 1170
1130 1184
1130 1185
1131 819
1131 1368
1131 584
1131 529
1131 1041
1131 630
1132 27
1132 844
1132 320
1132 1388
1133 1106
1134 549
1134 1409
1135 445
1136 961
1137 567
1137 136
1138 1113
1139 451
1140 940
1140 335
1141 7
1141 444
1142 333
1143 1
1143 773
1144 1067
1144 433
1144 366
1144 522
1145 72
1145 154
1145 686
1146 690
1147 584
1148 1212
1148 148
1149 259
1150 333
1151 638
1152 689
1153 147
1154 436
1155 962
1155 1101
1155 174
1155 1160
1156 241
1157 308
1158 363
1159 961
1160 1155
1161 811
1162 51
1162 719
1163 811
1164 465
1164 415
1164 800
1164 512
1164 413
1164 894
1164 1062
1164 1096
1165 658
1165 83
1166 1392
1166 946
1166 779
1167 963
1168 67
1168 266
1168 275
1168 508
1168 340
1168 952
1168 989
1169 147
1170 974
1170 1130
1170 157
1170 268
1170 1056
1170 813
1171 261
1171 844
1171 98
1171 789
1171 1019
1171 1061
1172 819
1172 465
1172 937
1172 427
1172 487
1172 528
1173 85
1174 542
1175 542
1176 818
1177 818
1178 818
1179 81
1179 98
1180 81
1180 12
1180 942
1181 81
1181 1186
1182 81
1183 979
1184 1130
1185 1130
1186 1181
1186 979
1186 1187
1186 1069
1186 1188
1186 1189
1187 320
1187 1275
1187 1186
1188 1186
1189 1186
1189 1332
1190 686
1191 686
1192 1193
1192 401
1192 1194
1193 252
1193 513
1193 854
1193 1192
1194 1192
1195 1240
1195 20
1195 667
1196 524
1197 12
1198 12
1199 12
1200 12
1200 1344
1201 72
1202 72
1202 1211
1202 1212
1203 72
1203 11
1204 943
1205 154
1206 1208
1206 1210
1206 1207
1206 1209
1207 1206
1207 1129
1207 1330
1208 27
1208 1206
1209 1206
1210 320
1210 1206
1210 389
1211 1202
1211 389
1212 980
1212 1202
1212 337
1212 208
1212 1084
1212 1148
1212 205
1212 321
1212 607
1212 1213
1212 1214
1212 1215
1213 1212
1214 1212
1215 1212
1215 1384
1216 11
1216 1234
1217 58
1218 58
1219 824
1220 824
1221 824
1221 1273
1221 235
1222 773
1223 773
1224 821
1224 1256
1225 1123
1226 1275
1227 146
1228 355
1229 355
1230 647
1230 679
1231 96
1232 96
1233 252
1233 513
1234 1216
1235 1065
1235 224
1235 1236
1235 1237
1235 1238
1235 1239
1236 1235
1237 1235
1238 1235
1239 1235
1240 1242
1240 267
1240 324
1240 1241
1240 17
1240 594
1240 20
1240 69
1240 322
1240 375
1240 503
1240 727
1240 1087
1240 1195
1240 1243
1240 1244
1240 1245
1240 1246
1240 1247
1240 1248
1240 1249
1241 98
1241 1240
1242 27
1242 1240
1242 1294
1243 1240
1243 1284
1244 1240
1244 384
1244 1251
1245 1240
1245 854
1246 1240
1247 1240
1248 1240
1249 1240
1250 45
1251 1244
1251 1252
1251 1253
1252 400
1252 1251
1253 1251
1254 66
1255 412
1255 1312
1256 196
1256 1224
1256 1257
1256 1258
1257 1256
1258 1256
1259 232
1259 1260
1260 1259
1261 96
1261 719
1261 954
1261 1262
1262 1261
1263 43
1264 448
1264 692
1265 1067
1266 844
1266 1275
1266 791
1267 791
1268 791
1269 563
1269 1428
1270 563
1271 563
1272 563
1273 430
1273 13
1273 17
1273 122
1273 1041
1273 1221
1273 1274
1274 1273
1275 673
1275 681
1275 122
1275 664
1275 1077
1275 1266
1275 64
1275 1093
1275 203
1275 210
1275 723
1275 883
1275 1014
1275 1187
1275 1226
1275 1276
1275 1277
1275 1278
1275 1279
1275 1280
1275 1281
1275 1282
1275 1283
1276 1275
1277 1275
1278 1275
1279 1275
1280 1275
1281 1275
1282 1275
1283 1275
1284 1243
1284 1071
1284 904
1284 1285
1285 1284
1286 946
1286 156
1286 1425
1287 466
1288 313
1289 376
1289 972
1289 1290
1289 1292
1289 1293
1290 1289
1291 1104
1292 1289
1293 1289
1294 1242
1294 384
1294 313
1294 600
1294 972
1294 1295
1294 1296
1294 1297
1295 1294
1295 719
1296 1294
1296 1341
1297 1294
1298 384
1299 719
1300 719
1301 719
1302 719
1303 719
1304 719
1305 719
1306 719
1307 719
1308 719
1309 719
1310 942
1310 139
1310 662
1311 1312
1312 1255
1312 896
1312 1038
1312 1311
1312 1313
1312 1314
1313 1312
1314 1312
1315 802
1315 845
1315 1316
1315 1317
1315 1318
1315 1319
1315 1320
1315 1321
1315 1322
1315 1323
1315 1324
1315 1325
1315 1326
1316 1315
1317 1315
1318 1315
1319 1315
1320 1315
1321 1315
1322 1315
1323 1315
1324 1315
1325 1315
1326 1315
1327 1106
1328 306
1329 1129
1329 1365
1329 1366
1329 1367
1330 1207
1331 27
1331 943
1332 799
1332 586
1332 1189
1332 1333
1332 1334
1332 1335
1332 1336
1332 1337
1332 1338
1332 1339
1332 1340
1333 1332
1334 1332
1335 1332
1336 1332
1337 1332
1338 1332
1339 1332
1340 1332
1341 972
1341 1296
1341 1342
1342 1341
1343 1344
1344 430
1344 1200
1344 1343
1344 1347
1344 1360
1345 1081
1346 1081
1346 1347
1347 1344
1347 1346
1348 267
1349 267
1350 27
1351 27
1352 27
1353 27
1354 27
1355 27
1355 1388
1356 27
1357 27
1358 27
1359 27
1360 1344
1361 20
1362 20
1363 844
1363 228
1364 228
1365 1329
1366 1329
1367 1329
1368 1131
1368 942
1368 17
1368 559
1368 709
1368 1071
1368 1369
1368 1370
1368 1371
1369 1368
1370 1368
1371 418
1371 973
1371 1368
1371 1424
1371 1454
1372 953
1373 98
1374 98
1375 98
1376 98
1377 98
1378 98
1379 98
1379 1457
1380 972
1381 213
1382 844
1383 555
1384 1215
1385 320
1386 320
1387 320
1388 1132
1388 1355
1389 854
1390 1073
1391 1074
1392 1
1392 647
1392 946
1392 1073
1392 1166
1393 287
1394 240
1394 1396
1395 240
1395 1396
1396 965
1396 240
1396 239
1396 1394
1396 1395
1396 1414
1397 240
1398 214
1399 348
1400 281
1400 348
1400 395
1401 348
1401 485
1402 1405
1402 518
1403 70
1403 1417
1404 70
1405 1
1405 1402
1406 74
1406 89
1406 301
1406 1407
1407 1406
1408 301
1409 340
1409 1134
1410 223
1410 281
1410 486
1410 1423
1411 367
1412 655
1413 214
1414 1396
1415 559
1416 264
1417 158
1417 1403
1418 464
1418 422
1418 372
1418 610
1419 1051
1420 701
1421 519
1421 223
1422 223
1423 223
1423 1410
1424 1371
1424 560
1425 1286
1426 846
1427 220
1428 1269
1429 247
1430 1123
1431 1123
1432 67
1432 1450
1433 397
1434 397
1435 200
1436 526
1436 704
1437 194
1438 849
1439 24
1440 24
1441 983
1441 369
1442 536
1443 536
1444 536
1445 548
1446 844
1447 512
1447 1453
1448 512
1449 675
1450 1432
1451 106
1452 106
1453 1447
1453 1455
1453 1456
1454 1371
1455 1453
1456 1453
1457 1379
1458 550
