500 5022
0 63 44
0 120 95
0 127 17
0 135 53
0 192 43
0 289 48
0 293 62
0 315 63
0 445 4
0 492 73
1 115 94
1 132 94
1 141 55
1 144 29
1 171 40
1 174 91
1 185 83
1 206 50
1 319 33
1 353 54
1 388 77
1 419 42
1 453 27
1 480 41
1 493 42
2 77 21
2 84 12
2 105 95
2 219 50
2 284 33
2 300 58
2 356 60
2 406 29
3 26 64
3 189 42
3 199 72
3 245 78
3 337 80
3 355 3
3 440 78
3 453 77
4 29 41
4 48 58
4 73 54
4 77 86
4 120 57
4 129 53
4 178 92
4 286 97
4 315 42
4 490 63
5 19 10
5 279 83
5 345 2
5 414 19
5 442 7
5 494 38
6 26 65
6 74 27
6 90 39
6 103 53
6 128 81
6 134 83
6 211 25
6 240 100
6 257 30
6 260 15
6 419 100
6 431 50
6 480 47
6 489 94
6 491 23
7 33 7
7 50 75
7 85 93
7 150 12
7 251 73
7 301 71
7 303 76
7 317 80
7 320 55
7 349 82
7 395 85
8 14 100
8 46 24
8 134 58
8 194 47
8 381 37
8 408 2
8 411 10
8 499 63
9 142 1
9 186 7
9 212 7
9 298 48
9 396 47
9 397 77
9 431 54
9 470 24
10 50 11
10 84 99
10 201 72
10 326 92
10 342 48
10 405 71
10 433 58
10 460 51
11 21 31
11 67 21
11 137 54
11 154 57
11 231 97
11 242 71
11 287 39
11 318 80
11 372 68
11 446 72
11 484 56
12 81 7
12 111 95
12 250 7
12 353 24
12 376 69
12 441 88
12 478 89
12 479 45
13 34 10
13 44 23
13 51 100
13 103 79
13 170 90
13 185 67
13 261 70
13 266 62
13 276 85
13 290 49
13 316 65
13 317 68
13 324 86
13 377 8
13 491 20
13 495 30
14 8 65
14 34 50
14 72 67
14 104 3
14 115 63
14 181 20
14 236 82
14 338 4
14 356 68
14 418 85
15 98 36
15 117 4
15 195 73
15 274 81
15 458 88
16 54 82
16 57 25
16 81 53
16 109 56
16 165 35
16 201 44
16 214 33
16 222 19
16 266 3
16 273 50
16 301 5
16 322 47
16 329 44
16 373 10
16 381 33
17 126 11
17 139 85
17 212 2
17 231 76
17 272 18
17 352 45
18 154 98
18 218 87
18 323 1
18 328 61
18 352 4
19 5 23
19 25 16
19 62 87
19 88 9
19 97 6
19 180 60
19 189 31
19 191 5
19 215 29
19 260 75
19 274 39
19 321 68
19 373 88
19 391 82
19 409 91
19 427 27
20 25 15
20 85 30
20 154 30
20 230 40
20 267 68
20 353 33
20 457 82
21 11 87
21 246 8
21 311 46
21 374 17
21 393 99
21 421 19
21 438 17
22 42 23
22 64 38
22 147 63
22 319 12
22 333 55
22 378 94
22 418 98
22 495 75
23 185 90
23 242 19
23 324 7
23 327 5
23 328 32
23 329 98
23 495 92
24 25 86
24 46 6
24 66 43
24 82 42
24 100 81
24 108 83
24 199 81
24 267 40
24 306 46
24 353 44
24 378 28
24 472 80
24 478 69
24 482 97
25 19 63
25 20 26
25 24 4
25 64 12
25 165 80
25 235 94
25 275 82
25 334 47
25 366 10
25 398 73
25 410 79
25 421 1
25 433 1
25 441 49
25 481 88
26 3 64
26 6 58
26 46 62
26 66 43
26 129 49
26 205 46
26 254 22
26 261 85
26 271 71
26 307 51
26 341 25
26 396 80
26 446 40
27 39 49
27 70 18
27 178 19
27 256 24
27 259 19
27 266 63
27 267 12
27 305 3
27 367 52
27 371 41
27 447 49
27 463 36
27 468 81
27 478 30
27 481 30
28 37 85
28 211 30
28 231 87
28 251 63
28 350 98
28 459 28
29 4 47
29 44 73
29 114 32
29 207 65
29 234 50
29 255 74
29 306 95
29 420 74
29 433 70
29 448 29
29 489 77
30 130 75
30 150 28
30 203 93
30 234 78
30 302 1
30 389 22
30 400 79
30 411 55
31 68 77
31 87 66
31 150 46
31 202 7
31 314 84
31 376 9
31 398 49
31 446 58
31 470 72
31 490 93
32 77 80
32 197 12
32 217 55
32 335 93
32 359 31
32 462 48
33 7 85
33 65 76
33 73 8
33 128 23
33 170 63
33 183 31
33 205 75
33 243 8
33 356 85
33 423 9
33 425 83
33 445 82
34 13 77
34 14 64
34 36 13
34 88 87
34 189 32
34 217 73
34 321 9
34 385 57
34 425 84
34 449 62
34 476 59
35 98 3
35 197 38
35 199 24
35 242 97
35 380 66
35 457 8
35 471 88
35 480 74
36 34 3
36 38 17
36 48 95
36 53 12
36 204 38
36 221 42
36 243 5
36 283 97
36 310 68
37 28 90
37 45 52
37 79 35
37 88 80
37 96 92
37 265 89
37 308 99
37 350 11
37 407 2
37 418 58
37 437 17
37 491 59
38 36 75
38 188 75
38 299 15
38 315 34
38 460 27
38 485 13
38 493 79
39 27 42
39 82 48
39 117 29
39 140 83
39 150 81
39 164 40
39 193 66
39 199 1
39 212 13
39 213 42
39 311 47
39 370 35
39 450 60
39 493 44
40 77 25
40 125 100
40 130 13
40 193 46
40 222 17
40 228 45
40 241 71
40 246 27
40 305 81
40 362 72
40 451 21
41 67 32
41 113 24
41 180 54
41 253 61
41 312 11
41 317 5
41 318 9
41 447 6
41 465 29
42 22 16
42 54 100
42 55 10
42 66 94
42 86 50
42 133 61
42 136 18
42 210 58
42 430 14
42 440 4
42 451 15
43 93 91
43 136 87
43 193 56
43 253 62
43 273 74
43 342 26
43 425 31
44 13 6
44 29 50
44 62 49
44 156 16
44 185 74
44 213 79
44 221 14
44 339 17
44 371 72
44 406 63
44 426 67
44 440 7
44 471 13
44 475 40
44 491 52
45 37 62
45 49 30
45 66 4
45 119 32
45 132 55
45 187 56
45 277 11
45 332 59
45 347 67
45 351 35
45 392 45
45 427 19
45 439 5
46 8 99
46 24 29
46 26 13
46 73 19
46 132 46
46 143 44
46 153 6
46 205 71
46 386 82
47 53 30
47 56 12
47 132 87
47 152 72
47 170 24
47 210 69
47 229 99
47 338 65
47 341 63
47 363 62
47 430 64
47 431 47
47 496 90
48 4 92
48 36 99
48 149 43
48 231 69
48 302 15
48 351 87
48 384 43
48 385 25
48 402 84
48 431 88
48 485 17
48 499 91
49 45 79
49 108 94
49 168 41
49 170 68
49 174 62
49 185 66
49 189 87
49 209 15
49 250 55
49 380 66
49 385 9
49 443 73
49 472 7
49 480 11
50 7 91
50 10 22
50 54 68
50 192 15
50 194 41
50 203 77
50 243 94
50 249 24
50 350 52
50 358 37
50 367 68
50 372 31
50 409 49
50 413 82
50 435 67
50 469 66
51 13 31
51 132 21
51 137 90
51 165 24
51 166 78
51 173 72
51 175 35
51 176 23
51 241 84
51 286 45
51 333 9
51 357 56
51 424 70
51 432 1
52 180 56
52 187 40
52 202 98
52 215 42
52 250 17
52 264 29
52 308 26
52 349 32
52 361 48
52 384 36
52 489 42
53 36 93
53 47 92
53 68 57
53 100 60
53 115 86
53 117 59
53 157 90
53 302 77
53 327 83
53 351 33
53 362 90
53 398 81
53 407 33
53 440 47
53 473 91
53 481 34
54 16 90
54 42 62
54 50 65
54 109 62
54 222 52
54 293 8
54 360 39
54 474 78
55 42 61
55 57 52
55 60 8
55 108 53
55 111 81
55 237 17
55 398 21
55 438 64
55 466 27
56 47 26
56 100 7
56 102 44
56 187 5
56 188 9
56 236 63
56 245 8
56 315 4
56 383 13
56 417 63
56 433 4
56 442 95
56 464 33
57 16 16
57 55 15
57 65 41
57 93 85
57 121 69
57 136 71
57 161 85
57 165 49
57 268 29
57 408 70
57 415 42
57 450 68
58 99 85
58 144 87
58 203 6
58 221 10
58 263 66
58 304 2
58 312 90
58 340 35
58 353 18
58 397 44
58 419 24
58 432 28
58 479 64
59 88 38
59 172 10
59 289 60
59 296 54
59 316 20
59 319 75
59 338 7
59 437 94
59 460 81
60 55 70
60 86 45
60 92 52
60 123 39
60 148 17
60 195 17
60 259 61
60 326 82
60 336 32
60 349 77
60 362 52
60 390 20
61 127 24
61 186 47
61 276 15
61 314 18
61 362 44
61 377 19
62 19 17
62 44 38
62 84 98
62 130 7
62 131 49
62 177 8
62 186 88
62 194 88
62 198 22
62 224 53
62 333 76
62 383 77
62 393 77
62 496 9
63 0 33
63 94 27
63 109 77
63 124 91
63 129 53
63 146 39
63 150 86
63 188 35
63 311 75
63 355 26
63 394 34
63 410 5
63 461 35
64 22 69
64 25 32
64 76 81
64 196 46
64 231 16
64 388 13
64 395 84
64 413 75
64 466 76
64 484 43
65 33 9
65 57 72
65 86 81
65 169 21
65 191 90
65 193 10
65 249 27
65 279 94
65 313 91
65 428 21
65 449 94
65 492 89
66 24 94
66 26 7
66 42 24
66 45 98
66 233 35
66 272 13
66 298 37
66 300 6
66 355 66
66 387 82
67 11 28
67 41 80
67 70 56
67 111 46
67 211 18
67 294 36
67 321 53
67 369 54
67 377 7
67 401 97
67 451 92
68 31 60
68 53 66
68 143 12
68 182 10
68 243 40
68 438 100
68 468 52
68 485 79
69 75 26
69 167 53
69 174 81
69 180 23
69 247 87
69 261 65
69 279 32
69 292 16
69 343 57
69 382 70
69 393 64
69 450 100
70 27 15
70 67 59
70 133 50
70 161 23
70 255 96
70 275 90
70 337 46
70 351 21
70 360 26
70 385 98
70 397 59
70 431 42
70 465 17
70 481 76
71 108 1
71 145 9
71 193 4
71 280 37
71 292 89
71 314 11
71 331 8
71 343 4
71 357 41
71 379 91
71 408 35
71 474 22
72 14 82
72 73 14
72 129 38
72 166 69
72 202 52
72 228 16
72 233 25
72 262 22
72 357 21
72 367 90
72 482 43
73 4 64
73 33 98
73 46 16
73 72 86
73 79 86
73 169 92
73 175 53
73 184 38
73 218 20
73 231 96
73 238 30
73 294 6
73 453 96
73 459 70
73 470 4
73 499 1
74 6 33
74 79 8
74 113 61
74 151 28
74 413 31
74 472 48
75 69 45
75 81 26
75 135 32
75 159 47
75 173 61
75 216 92
75 229 71
75 242 45
75 307 19
75 371 72
76 64 16
76 130 48
76 216 52
76 297 49
76 318 33
76 363 23
77 2 2
77 4 43
77 32 87
77 40 97
77 124 63
77 153 62
77 175 6
77 180 83
77 258 33
77 315 14
77 376 14
77 384 58
77 429 69
77 499 62
78 174 33
78 203 70
78 224 42
78 255 44
78 290 48
78 340 11
78 413 38
78 438 10
78 468 20
79 37 31
79 73 92
79 74 66
79 94 88
79 103 27
79 105 47
79 113 36
79 139 67
79 257 8
79 346 45
79 380 94
79 417 16
79 477 64
79 492 4
80 88 6
80 103 4
80 127 59
80 147 49
80 196 69
80 245 72
80 255 51
80 339 45
80 483 80
81 12 37
81 16 94
81 75 31
81 243 66
81 261 16
81 416 43
81 451 89
81 462 47
81 475 6
82 24 46
82 39 73
82 87 39
82 99 85
82 174 93
82 228 67
82 275 65
82 329 30
82 337 40
82 338 95
82 382 48
82 400 49
82 412 26
82 428 2
83 84 22
83 91 12
83 98 33
83 128 10
83 162 47
83 211 18
83 217 27
83 260 52
83 279 73
83 291 21
83 351 63
83 423 90
84 2 44
84 10 33
84 62 11
84 83 6
84 89 21
84 181 19
84 211 30
84 225 51
84 492 20
85 7 71
85 20 19
85 86 56
85 152 76
85 252 42
85 317 55
85 333 97
85 370 93
85 426 84
85 433 49
85 467 27
86 42 20
86 60 87
86 65 90
86 85 40
86 111 90
86 244 87
86 245 25
86 388 48
86 400 17
86 403 4
86 421 35
87 31 90
87 82 53
87 307 95
87 481 100
88 19 70
88 34 74
88 37 64
88 59 47
88 80 99
88 91 31
88 181 38
88 316 99
88 339 94
88 377 81
89 84 4
89 161 16
89 224 67
89 238 14
89 251 15
89 278 58
89 290 28
89 307 40
89 356 89
89 396 8
89 464 57
90 6 32
90 174 98
90 198 13
90 218 38
90 345 54
90 384 61
90 389 75
90 443 1
90 456 9
91 83 46
91 88 31
91 136 44
91 159 92
91 182 5
91 308 54
91 382 85
91 402 98
91 431 92
91 449 70
91 450 50
92 60 78
92 100 80
92 136 24
92 145 57
92 225 41
92 277 33
92 316 47
92 331 11
92 372 92
92 405 36
92 410 93
92 449 39
92 458 94
92 468 90
93 43 9
93 57 27
93 127 79
93 173 63
93 219 88
93 234 19
93 361 10
94 63 46
94 79 92
94 95 16
94 116 14
94 212 65
94 250 83
94 284 97
94 337 27
94 377 5
94 409 3
94 478 66
95 94 74
95 123 61
95 142 79
95 187 41
95 275 57
95 286 56
95 341 23
95 389 4
95 399 62
95 481 73
95 493 55
96 37 8
96 165 98
96 181 94
96 190 81
96 218 49
96 258 48
96 270 84
96 324 29
96 344 70
96 360 84
96 388 89
97 19 61
97 119 37
97 158 82
97 218 16
97 241 17
97 315 21
97 331 78
97 396 85
98 15 2
98 35 42
98 83 82
98 228 74
98 295 82
99 58 24
99 82 28
99 194 100
99 239 24
99 275 31
99 340 80
99 378 7
100 24 1
100 53 59
100 56 54
100 92 2
100 131 91
100 162 42
100 256 58
100 268 68
100 279 21
100 322 7
100 326 28
100 341 86
100 404 67
100 454 13
100 496 51
101 105 45
101 143 85
101 152 3
101 377 53
101 386 93
101 390 58
101 411 89
101 499 50
102 56 21
102 108 93
102 120 85
102 152 10
102 290 87
102 322 58
102 329 41
103 6 11
103 13 56
103 79 21
103 80 2
103 113 90
103 212 62
103 224 37
103 246 37
103 282 14
103 339 66
103 360 93
103 373 44
103 404 1
103 464 18
104 14 38
104 228 94
104 254 1
104 326 86
104 357 32
104 412 4
104 447 1
104 489 24
105 2 76
105 79 15
105 101 3
105 125 12
105 128 98
105 195 41
105 246 87
105 253 50
105 279 61
105 323 87
105 350 72
105 423 32
105 435 3
105 481 99
106 111 32
106 217 46
106 260 96
106 283 82
106 299 39
106 300 95
106 344 29
106 402 73
106 408 46
106 415 89
107 120 33
107 131 47
107 158 26
107 201 26
107 203 45
107 204 4
107 234 92
107 285 28
107 297 37
107 322 15
107 437 59
107 444 1
107 485 92
108 24 26
108 49 92
108 55 60
108 71 59
108 102 5
108 158 57
108 180 93
108 268 72
108 469 47
108 479 46
109 16 26
109 54 82
109 63 31
109 319 100
109 353 33
109 368 18
109 402 24
109 461 50
110 131 18
110 171 8
110 263 34
110 285 29
110 303 32
110 305 34
110 365 15
110 383 98
110 409 87
110 417 34
111 12 56
111 55 44
111 67 52
111 86 2
111 106 29
111 117 92
111 124 44
111 125 95
111 140 46
111 208 50
111 236 90
111 362 44
111 384 90
111 474 82
112 148 63
112 171 70
112 183 42
112 344 52
112 414 87
112 429 81
112 430 10
112 484 94
112 493 2
113 41 85
113 74 1
113 79 91
113 103 81
113 249 24
113 269 69
113 294 100
113 328 89
113 345 86
113 357 71
113 364 35
113 369 41
113 438 23
113 499 9
114 29 60
114 131 61
114 263 78
114 264 90
114 302 67
114 413 78
115 1 12
115 14 98
115 53 92
115 156 19
115 212 30
115 240 98
115 241 79
115 282 11
115 363 11
115 424 88
115 434 78
115 439 60
116 94 70
116 220 28
116 278 46
116 320 33
116 351 74
116 400 94
116 409 56
116 446 89
116 491 78
117 15 64
117 39 52
117 53 7
117 111 19
117 137 40
117 141 42
117 238 52
117 390 12
117 440 84
117 457 21
118 259 37
118 354 94
119 45 45
119 97 88
119 192 39
119 201 53
119 313 27
119 419 95
119 437 24
120 0 58
120 4 82
120 102 63
120 107 57
120 172 57
120 178 83
120 207 32
120 264 33
120 285 73
120 340 94
120 369 19
120 444 91
120 478 84
121 57 39
121 128 53
121 137 98
121 229 33
121 296 12
121 314 57
122 296 43
122 360 42
122 397 99
123 60 63
123 95 39
123 125 10
123 365 52
123 468 64
124 63 94
124 77 23
124 111 28
124 129 30
124 140 89
124 277 23
124 314 36
124 366 34
124 447 65
124 453 94
125 40 12
125 105 64
125 111 55
125 123 61
125 141 38
125 286 52
125 386 24
125 390 23
126 17 48
126 229 40
126 270 100
126 331 38
126 410 65
126 415 47
126 442 44
126 496 83
127 0 86
127 61 55
127 80 61
127 93 62
127 380 62
128 6 38
128 33 57
128 83 86
128 105 50
128 121 57
128 129 78
128 130 82
128 203 73
128 205 22
128 208 74
128 222 1
128 226 58
128 272 50
128 316 93
129 4 89
129 26 74
129 63 47
129 72 15
129 124 9
129 128 33
129 136 72
129 146 4
129 163 12
129 169 79
129 187 75
129 208 28
129 259 44
129 491 67
130 30 56
130 40 24
130 62 82
130 76 43
130 128 37
130 284 3
130 339 15
130 418 3
130 439 67
131 62 45
131 100 69
131 107 15
131 110 70
131 114 6
131 135 57
131 158 27
131 180 4
131 258 51
131 277 24
131 286 3
131 337 33
131 367 51
131 379 24
131 478 33
131 487 54
132 1 43
132 45 15
132 46 14
132 47 50
132 51 38
132 168 68
132 198 1
132 234 85
132 311 7
132 322 46
132 338 64
132 354 19
132 404 85
132 414 94
133 42 67
133 70 67
133 248 4
133 453 35
134 6 36
134 8 63
134 142 30
134 205 97
134 382 82
134 392 91
134 399 20
134 429 7
135 0 19
135 75 68
135 131 17
135 191 84
135 335 58
135 338 10
135 385 54
135 434 76
136 42 26
136 43 62
136 57 93
136 91 17
136 92 51
136 129 68
136 153 35
136 295 38
136 367 10
136 388 96
136 389 21
137 11 31
137 51 88
137 117 65
137 121 93
137 212 92
137 328 11
138 143 11
138 203 67
138 218 18
138 240 38
138 256 64
138 289 85
138 308 88
138 380 49
138 453 6
138 468 67
139 17 8
139 79 28
139 151 66
139 180 67
139 193 77
139 271 89
139 399 37
139 421 66
140 39 95
140 111 79
140 124 81
140 183 70
140 224 99
140 272 50
140 279 54
140 291 15
140 338 100
140 380 35
140 392 76
140 409 76
141 1 27
141 117 49
141 125 19
141 217 42
141 258 13
141 262 26
141 294 23
141 306 6
141 320 55
141 343 19
141 372 2
141 382 37
141 392 43
141 395 87
141 469 42
141 473 25
142 9 19
142 95 23
142 134 66
142 198 45
142 216 31
142 345 38
142 452 15
142 471 78
143 46 25
143 68 75
143 101 14
143 138 70
143 192 12
143 235 63
143 288 23
143 291 31
143 318 38
143 338 34
143 354 5
143 382 7
143 445 38
143 477 29
143 489 47
144 1 71
144 58 39
144 224 90
144 273 11
144 314 65
144 319 13
144 350 60
144 366 91
144 399 36
144 476 59
144 483 83
144 492 60
144 497 50
145 71 87
145 92 42
145 174 1
145 196 98
145 238 8
145 320 36
145 338 21
145 366 56
145 454 80
145 490 14
146 63 77
146 129 38
146 152 92
146 158 33
146 189 97
146 205 5
146 247 15
146 281 7
146 475 80
146 479 96
147 22 75
147 80 80
147 154 55
147 167 22
147 211 53
147 304 32
147 377 22
147 436 31
147 449 33
147 491 31
148 60 27
148 112 43
148 160 73
148 185 37
148 283 56
148 288 99
148 380 18
148 447 84
149 48 95
149 171 40
149 204 96
149 227 88
149 256 90
149 284 89
149 290 47
149 334 30
149 398 70
150 7 59
150 30 5
150 31 49
150 39 40
150 63 64
150 193 88
150 365 54
150 371 93
150 409 51
150 436 21
151 74 43
151 139 82
151 164 36
151 177 65
151 212 77
151 226 38
151 407 71
151 433 50
151 451 93
152 47 27
152 85 45
152 101 12
152 102 65
152 146 53
152 226 38
152 307 74
152 318 68
152 325 93
152 333 23
152 438 46
153 46 92
153 77 71
153 136 60
153 241 43
153 245 14
153 311 71
153 436 79
153 443 14
154 11 22
154 18 14
154 20 26
154 147 94
154 177 73
154 320 20
154 339 76
154 365 95
154 431 42
154 445 15
155 170 90
155 199 73
155 211 54
155 311 63
155 372 83
155 422 57
155 481 22
156 44 61
156 115 10
156 208 12
156 343 41
156 374 8
156 407 36
156 414 58
156 439 55
156 463 32
156 485 17
157 53 100
157 221 42
157 279 18
157 303 65
157 338 16
157 354 76
157 378 21
157 393 41
158 97 68
158 107 32
158 108 41
158 131 8
158 146 86
158 170 54
158 193 8
158 317 21
158 348 16
158 424 73
158 425 25
158 469 47
158 474 56
159 75 79
159 91 31
159 217 26
159 225 10
159 228 18
159 255 79
159 302 60
159 308 96
159 342 11
159 434 95
160 148 79
160 240 62
160 305 36
160 373 99
160 387 58
160 412 45
161 57 84
161 70 84
161 89 93
161 183 86
161 255 57
161 289 70
161 342 19
161 416 61
161 465 1
162 83 62
162 100 53
162 207 30
162 214 99
162 215 42
162 216 52
162 224 44
162 233 6
162 252 52
162 309 33
162 444 49
162 472 59
162 479 15
163 129 85
163 282 61
163 294 13
163 319 46
163 320 63
163 352 13
163 373 41
163 476 39
164 39 94
164 151 59
164 219 54
164 245 47
164 279 76
164 376 90
164 445 21
165 16 46
165 25 88
165 51 87
165 57 22
165 96 36
165 271 97
165 291 46
165 297 66
165 331 68
165 406 36
165 488 44
166 51 32
166 72 20
166 194 46
166 369 2
166 379 82
166 400 12
166 408 25
166 487 55
167 69 7
167 147 40
167 330 23
167 392 12
167 436 86
167 446 97
168 49 98
168 132 65
168 186 12
168 188 79
168 252 79
168 359 79
168 468 27
169 65 51
169 73 18
169 129 53
169 202 68
169 396 17
169 430 21
169 473 1
169 486 84
170 13 94
170 33 44
170 47 69
170 49 97
170 155 52
170 158 19
170 246 88
170 306 29
170 352 77
171 1 56
171 110 30
171 112 49
171 149 14
171 179 5
171 195 23
171 244 12
171 275 20
171 294 43
171 499 60
172 59 28
172 120 46
172 190 45
172 195 52
172 229 56
172 480 9
172 491 55
173 51 89
173 75 83
173 93 83
173 181 29
173 262 73
173 267 100
173 324 76
173 343 100
173 396 40
174 1 77
174 49 89
174 69 56
174 78 7
174 82 82
174 90 9
174 145 35
174 197 50
174 319 62
174 323 5
174 410 87
175 51 25
175 73 84
175 77 9
175 184 22
175 190 53
175 256 82
175 333 9
175 344 63
175 359 7
175 398 50
175 400 34
175 412 37
175 413 80
175 469 2
175 497 87
176 51 23
176 204 68
176 213 12
176 391 7
176 395 14
176 408 6
176 446 80
177 62 38
177 151 84
177 154 58
177 284 30
177 295 67
177 346 52
178 4 37
178 27 1
178 120 34
178 185 10
178 200 70
178 216 83
178 249 33
178 309 50
178 400 98
178 408 66
178 414 63
178 423 49
178 494 30
179 171 97
179 206 10
179 237 17
179 288 32
179 295 73
179 361 70
179 388 43
180 19 28
180 41 61
180 52 87
180 69 54
180 77 6
180 108 83
180 131 9
180 139 25
180 211 45
180 226 2
180 234 2
180 285 10
180 288 4
180 301 63
180 308 70
180 355 78
180 381 49
180 398 60
180 406 32
180 463 24
180 496 11
181 14 82
181 84 48
181 88 51
181 96 30
181 173 54
181 308 98
181 336 55
181 381 62
181 450 58
182 68 30
182 91 14
182 216 66
182 254 65
182 302 85
182 405 59
182 413 59
182 436 49
182 450 61
182 472 80
183 33 12
183 112 9
183 140 100
183 161 76
183 389 32
183 436 58
184 73 93
184 175 89
184 193 66
184 337 27
184 367 52
184 379 69
184 452 81
185 1 34
185 13 23
185 23 77
185 44 37
185 49 73
185 148 66
185 178 53
185 237 7
185 405 98
185 432 77
185 447 20
186 9 35
186 61 49
186 62 17
186 168 37
186 189 28
186 264 21
186 303 37
186 309 26
186 357 97
186 390 69
186 490 96
187 45 68
187 52 4
187 56 62
187 95 18
187 129 78
187 253 81
187 339 49
187 343 43
187 476 62
187 491 94
188 38 22
188 56 36
188 63 23
188 168 89
188 398 78
188 405 46
188 406 1
188 442 41
188 457 42
188 458 73
188 480 25
189 3 91
189 19 9
189 34 60
189 49 26
189 146 10
189 186 88
189 217 44
189 233 2
189 238 39
189 273 100
189 433 6
189 450 73
189 455 34
189 462 51
190 96 80
190 172 16
190 175 90
190 219 93
190 235 23
190 240 56
190 290 57
190 330 14
190 343 38
190 353 96
190 395 54
190 399 23
190 423 36
190 425 33
190 439 5
190 440 8
191 19 99
191 65 98
191 135 96
191 282 26
191 292 35
191 341 1
191 405 39
191 458 51
192 0 37
192 50 25
192 119 87
192 143 6
192 212 53
192 281 82
192 289 89
192 365 86
192 378 26
192 390 15
192 398 7
192 445 10
193 39 38
193 40 73
193 43 12
193 65 44
193 71 59
193 139 97
193 150 9
193 158 77
193 184 59
193 195 41
193 203 2
193 205 3
193 281 62
193 417 92
193 457 58
194 8 94
194 50 52
194 62 30
194 99 77
194 166 45
194 213 44
194 260 7
194 279 41
194 429 5
194 449 2
195 15 32
195 60 27
195 105 88
195 171 20
195 172 82
195 193 50
195 257 8
195 309 4
196 64 55
196 80 50
196 145 22
196 290 42
196 324 40
196 457 82
196 463 54
196 467 40
197 32 35
197 35 73
197 174 45
197 221 69
197 234 21
197 237 55
197 265 62
197 295 65
197 431 17
197 435 93
198 62 74
198 90 96
198 132 68
198 142 26
198 454 81
198 466 16
198 469 5
199 3 4
199 24 23
199 35 1
199 39 59
199 155 4
199 256 87
199 285 73
199 313 62
199 333 69
199 400 83
200 178 79
200 224 13
200 268 55
200 384 39
200 399 50
200 425 81
201 10 2
201 16 73
201 107 83
201 119 89
201 207 21
201 260 14
201 314 78
201 322 42
201 377 82
201 407 50
201 415 75
201 429 30
202 31 68
202 52 62
202 72 12
202 169 82
202 292 47
202 401 71
202 404 71
202 437 38
203 30 44
203 50 32
203 58 68
203 78 52
203 107 67
203 128 57
203 138 54
203 193 64
203 209 51
203 266 10
203 309 68
203 387 54
203 397 76
203 420 41
203 458 27
203 484 75
204 36 78
204 107 64
204 149 96
204 176 27
204 241 74
204 252 89
204 323 75
204 381 31
204 383 62
204 477 17
205 26 25
205 33 94
205 46 26
205 128 99
205 134 53
205 146 75
205 193 76
205 325 62
205 478 40
205 497 44
206 1 52
206 179 57
206 239 31
206 343 96
206 345 47
206 371 52
206 407 90
206 413 77
207 29 12
207 120 17
207 162 91
207 201 54
207 230 7
207 279 56
207 390 37
208 111 91
208 128 35
208 129 88
208 156 67
208 237 59
208 291 49
208 341 51
208 446 24
208 466 11
208 472 71
208 477 39
208 486 72
209 49 48
209 203 11
209 294 41
209 300 2
209 303 45
209 313 83
209 482 42
209 499 1
210 42 58
210 47 93
210 234 49
210 241 13
210 251 81
210 252 78
210 264 6
210 301 74
210 302 42
210 336 87
210 365 44
210 387 20
210 393 7
210 420 82
210 477 2
210 483 65
210 490 27
211 6 5
211 28 20
211 67 31
211 83 12
211 84 28
211 147 18
211 155 47
211 180 21
211 347 72
211 358 27
211 383 67
211 386 8
211 402 62
212 9 23
212 17 88
212 39 70
212 94 35
212 103 76
212 115 18
212 137 28
212 151 31
212 192 37
212 291 45
212 410 96
213 39 67
213 44 39
213 176 69
213 194 91
213 252 16
213 266 86
213 284 86
213 291 1
213 321 66
213 397 9
213 445 85
213 453 67
213 465 29
213 497 30
214 16 62
214 162 36
214 220 26
214 323 18
214 375 70
214 391 12
214 465 18
215 19 93
215 52 69
215 162 45
215 260 91
215 312 7
215 335 87
215 397 21
215 415 30
216 75 51
216 76 52
216 142 99
216 162 58
216 178 95
216 182 95
216 314 30
216 491 74
217 32 39
217 34 54
217 83 49
217 106 64
217 141 96
217 159 99
217 189 80
217 286 58
217 305 92
217 322 39
217 386 81
218 18 96
218 73 8
218 90 26
218 96 72
218 97 22
218 138 55
218 401 87
218 430 83
218 467 74
219 2 33
219 93 71
219 164 42
219 190 67
219 392 57
219 421 86
219 426 50
219 467 32
219 491 22
220 116 18
220 214 89
220 247 79
220 249 75
220 325 24
220 356 38
220 366 49
220 395 21
220 400 17
220 410 84
220 440 42
220 480 98
221 36 70
221 44 91
221 58 78
221 157 40
221 197 43
221 300 96
221 321 61
221 344 35
221 364 100
221 377 83
221 388 55
221 449 55
221 455 92
222 16 36
222 40 10
222 54 25
222 128 10
222 289 80
222 311 15
222 365 53
222 406 47
222 420 41
222 446 3
222 467 100
223 230 29
223 419 50
223 454 10
224 62 82
224 78 58
224 89 65
224 103 94
224 140 65
224 144 2
224 162 25
224 200 3
224 273 25
224 339 20
224 344 53
224 346 5
224 352 48
224 441 49
224 492 72
225 84 26
225 92 3
225 159 75
225 255 80
225 355 69
225 401 53
225 425 25
226 128 94
226 151 98
226 152 97
226 180 64
226 250 88
226 287 86
226 303 25
226 317 42
226 359 39
226 381 26
226 423 18
226 441 4
226 493 88
227 149 21
227 336 36
227 394 48
228 40 47
228 72 40
228 82 39
228 98 20
228 104 100
228 159 63
228 256 74
228 278 27
228 291 94
228 318 43
228 342 2
228 471 72
229 47 70
229 75 80
229 121 100
229 126 68
229 172 52
230 20 91
230 207 73
230 223 94
230 304 99
230 315 75
230 323 49
230 416 64
230 457 19
230 476 90
231 11 51
231 17 91
231 28 87
231 48 25
231 64 11
231 73 51
231 267 70
231 289 38
232 309 88
233 66 13
233 72 38
233 162 95
233 189 52
233 305 71
233 321 85
233 337 75
233 384 87
233 462 38
234 29 17
234 30 96
234 93 88
234 107 9
234 132 87
234 180 38
234 197 6
234 210 54
234 282 79
234 381 8
234 388 90
234 413 35
234 451 40
235 25 71
235 143 54
235 190 20
235 247 74
235 283 16
235 386 37
235 388 92
236 14 73
236 56 50
236 111 21
236 311 48
236 326 9
236 346 28
236 379 47
236 431 73
236 452 55
237 55 87
237 179 64
237 185 84
237 197 28
237 208 93
237 298 62
237 308 1
237 327 50
237 397 88
237 417 38
237 490 4
238 73 89
238 89 81
238 117 57
238 145 65
238 189 84
238 363 54
238 482 53
238 483 11
239 99 90
239 206 100
239 264 55
239 287 21
239 346 27
240 6 24
240 115 46
240 138 8
240 160 10
240 190 98
240 265 84
241 40 46
241 51 65
241 97 35
241 115 71
241 153 80
241 204 18
241 210 12
241 356 96
242 11 83
242 23 80
242 35 76
242 75 45
242 248 7
242 337 97
242 363 96
242 381 89
242 432 66
242 435 42
242 451 12
242 456 97
242 474 71
242 491 89
242 492 61
242 496 54
243 33 54
243 36 16
243 50 62
243 68 19
243 81 4
243 265 25
243 272 64
243 303 79
243 473 69
244 86 60
244 171 65
244 257 19
244 270 84
244 303 33
244 341 56
244 421 87
244 448 74
245 3 12
245 56 35
245 80 59
245 86 78
245 153 89
245 164 31
245 249 76
245 337 11
245 377 4
245 394 29
246 21 8
246 40 13
246 103 52
246 105 37
246 170 14
246 351 76
246 367 85
246 466 2
246 473 24
246 492 30
246 495 38
247 69 87
247 146 33
247 220 82
247 235 47
247 252 14
247 291 75
247 322 9
247 381 9
247 399 35
248 133 24
248 242 5
248 261 67
248 299 46
248 497 23
249 50 11
249 65 34
249 113 28
249 178 31
249 220 70
249 245 71
249 253 78
249 272 66
249 297 58
249 432 37
250 12 93
250 49 94
250 52 83
250 94 14
250 226 33
250 283 18
250 293 23
250 328 40
250 335 100
250 496 22
251 7 66
251 28 20
251 89 9
251 210 43
251 296 13
251 305 4
251 332 97
251 395 33
251 400 88
251 446 74
251 476 65
252 85 17
252 162 92
252 168 39
252 204 41
252 210 37
252 213 63
252 247 8
252 283 17
252 287 48
252 295 75
252 300 37
252 356 38
252 400 83
252 439 9
252 455 51
252 470 74
252 478 68
252 499 9
253 41 17
253 43 60
253 105 63
253 187 16
253 249 62
253 257 48
253 282 52
253 311 29
253 349 8
253 411 61
253 438 11
253 468 11
254 26 64
254 104 34
254 182 66
254 269 10
254 391 27
254 412 39
254 445 10
255 29 87
255 70 16
255 78 79
255 80 88
255 159 7
255 161 68
255 225 91
255 331 54
255 394 93
255 430 87
255 452 24
255 467 74
256 27 69
256 100 70
256 138 55
256 149 14
256 175 19
256 199 66
256 228 45
256 279 10
256 298 27
256 417 71
257 6 39
257 79 68
257 195 49
257 244 27
257 253 89
257 265 49
257 287 91
257 366 89
257 443 15
257 444 23
258 77 72
258 96 59
258 131 18
258 141 11
258 262 95
258 307 61
258 325 72
258 409 58
258 458 68
259 27 94
259 60 75
259 118 91
259 129 97
259 283 70
259 298 70
259 308 40
259 311 24
259 395 99
259 490 93
260 6 45
260 19 100
260 83 40
260 106 82
260 194 13
260 201 100
260 215 60
260 438 80
260 476 14
261 13 54
261 26 75
261 69 20
261 81 59
261 248 95
261 263 75
261 319 22
261 445 93
261 481 90
261 492 9
262 72 55
262 141 92
262 173 61
262 258 71
262 415 38
263 58 57
263 110 98
263 114 25
263 261 63
263 320 38
263 380 33
263 389 67
263 402 38
263 476 87
263 483 64
264 52 70
264 114 54
264 120 83
264 186 80
264 210 62
264 239 62
264 283 80
264 302 10
264 441 61
265 37 79
265 197 52
265 240 23
265 243 10
265 257 1
265 292 15
265 312 4
265 320 74
265 408 100
265 492 58
266 13 93
266 16 22
266 27 11
266 203 33
266 213 61
266 268 81
266 278 93
266 302 86
266 437 57
266 472 4
266 480 9
267 20 92
267 24 57
267 27 51
267 173 78
267 231 21
267 269 19
267 345 74
267 347 18
267 390 11
267 420 17
267 421 77
267 454 85
268 57 68
268 100 81
268 108 35
268 200 94
268 266 1
268 291 54
268 321 19
268 326 15
268 494 90
269 113 73
269 254 37
269 267 1
269 300 4
269 322 90
269 369 32
269 465 31
269 473 78
270 96 13
270 126 97
270 244 84
270 430 68
270 445 23
271 26 27
271 139 80
271 165 21
271 341 73
271 371 34
271 380 41
271 417 93
272 17 3
272 66 25
272 128 3
272 140 2
272 243 27
272 249 7
272 338 43
272 407 45
272 411 8
272 431 66
273 16 28
273 43 86
273 144 90
273 189 74
273 224 50
273 409 25
273 418 21
274 15 86
274 19 5
274 287 98
274 341 31
274 344 98
274 393 97
274 468 45
274 493 95
275 25 88
275 70 22
275 82 78
275 95 68
275 99 35
275 171 63
275 332 88
275 348 88
275 389 55
275 392 84
275 442 5
276 13 38
276 61 20
276 466 3
276 490 21
277 45 27
277 92 28
277 124 32
277 131 100
277 281 71
277 329 52
277 352 34
277 366 80
277 396 17
277 483 17
277 489 89
278 89 75
278 116 36
278 228 38
278 266 44
278 281 59
278 335 5
278 394 8
278 441 95
278 465 17
279 5 63
279 65 98
279 69 1
279 83 30
279 100 39
279 105 72
279 140 37
279 157 92
279 164 16
279 194 24
279 207 75
279 256 31
279 332 54
279 367 9
279 418 54
280 71 51
280 328 29
280 348 28
280 378 15
280 463 12
281 146 84
281 192 61
281 193 12
281 277 59
281 278 6
281 301 54
281 448 79
281 462 71
281 480 23
281 495 54
282 103 10
282 115 99
282 163 80
282 191 46
282 234 29
282 253 21
282 334 59
282 352 75
282 482 19
283 36 85
283 106 11
283 148 23
283 235 25
283 250 26
283 252 48
283 259 31
283 264 9
283 363 48
283 409 92
283 431 13
283 475 32
283 493 17
284 2 74
284 94 28
284 130 87
284 149 32
284 177 69
284 213 81
284 338 70
284 434 97
285 107 55
285 110 82
285 120 90
285 180 21
285 199 77
285 388 75
285 394 10
285 399 89
285 428 51
286 4 40
286 51 3
286 95 47
286 125 38
286 131 51
286 217 50
286 322 85
286 375 39
286 404 47
287 11 1
287 226 24
287 239 74
287 252 18
287 257 52
287 274 64
287 320 8
287 324 90
287 435 64
288 143 87
288 148 48
288 179 34
288 180 79
288 318 78
288 342 25
288 426 53
289 0 52
289 59 78
289 138 31
289 161 12
289 192 83
289 222 49
289 231 36
289 322 86
289 332 79
289 419 86
289 443 5
290 13 25
290 78 58
290 89 2
290 102 16
290 149 83
290 190 72
290 196 74
290 296 35
290 317 44
290 331 85
290 345 46
290 412 61
291 83 100
291 140 6
291 143 6
291 165 48
291 208 91
291 212 58
291 213 99
291 228 48
291 247 86
291 268 79
291 393 57
291 436 65
292 69 25
292 71 74
292 191 93
292 202 60
292 265 85
292 293 43
292 298 76
292 325 49
292 444 20
293 0 40
293 54 91
293 250 98
293 292 99
293 316 21
293 321 19
293 323 31
293 324 93
293 394 27
293 423 53
294 67 87
294 73 33
294 113 1
294 141 53
294 163 27
294 171 59
294 209 64
294 328 44
294 370 69
294 376 64
294 394 8
294 422 95
295 98 10
295 136 67
295 177 7
295 179 42
295 197 89
295 252 17
295 311 29
295 426 88
296 59 19
296 121 2
296 122 74
296 251 10
296 290 86
296 372 33
296 378 26
296 394 53
297 76 40
297 107 88
297 165 61
297 249 51
298 9 21
298 66 78
298 237 16
298 256 70
298 259 61
298 292 84
298 363 1
298 443 74
298 451 24
298 455 43
299 38 8
299 106 89
299 248 53
299 314 73
299 326 8
299 397 6
299 399 34
299 413 27
299 490 46
300 2 21
300 66 97
300 106 83
300 209 71
300 221 87
300 252 75
300 269 48
300 318 85
300 329 14
300 336 72
300 355 15
301 7 6
301 16 83
301 180 14
301 210 69
301 281 93
301 324 47
301 375 24
301 416 75
301 465 73
301 490 62
301 493 53
302 30 2
302 48 92
302 53 40
302 114 73
302 159 26
302 182 36
302 210 45
302 264 96
302 266 18
302 326 50
302 343 13
302 353 40
303 7 73
303 110 43
303 157 43
303 186 63
303 209 19
303 226 61
303 243 27
303 244 94
303 438 29
303 439 26
304 58 92
304 147 8
304 230 54
304 344 81
304 380 68
304 424 69
304 492 66
305 27 79
305 40 65
305 110 99
305 160 6
305 217 90
305 233 70
305 251 60
305 369 97
305 407 64
305 419 89
305 430 25
305 479 5
306 24 64
306 29 92
306 141 4
306 170 66
306 315 36
306 421 70
306 425 10
306 459 47
306 483 24
307 26 86
307 75 78
307 87 41
307 89 74
307 152 87
307 258 87
307 313 3
307 314 50
307 316 62
307 321 20
307 356 13
307 417 60
307 462 57
308 37 85
308 52 92
308 91 94
308 138 62
308 159 73
308 180 14
308 181 45
308 237 54
308 259 91
308 389 2
308 412 40
308 416 34
308 467 35
308 485 61
309 162 94
309 178 30
309 186 60
309 195 68
309 203 41
309 232 77
309 314 27
309 379 95
309 411 11
309 423 6
309 450 100
309 484 31
310 36 81
310 348 30
310 370 74
310 445 6
311 21 26
311 39 91
311 63 86
311 132 74
311 153 64
311 155 36
311 222 35
311 236 73
311 253 75
311 259 25
311 295 48
311 312 29
311 386 22
311 398 33
312 41 56
312 58 67
312 215 3
312 265 50
312 311 6
312 313 33
312 344 6
312 377 23
312 383 41
312 466 2
312 492 76
313 65 61
313 119 36
313 199 89
313 209 58
313 307 11
313 312 28
313 431 32
313 459 67
314 31 21
314 61 91
314 71 46
314 121 55
314 124 21
314 144 97
314 201 42
314 216 94
314 299 68
314 307 2
314 309 10
314 330 63
314 349 67
314 358 56
314 390 95
314 484 62
315 0 14
315 4 95
315 38 37
315 56 46
315 77 44
315 97 66
315 230 33
315 306 97
315 323 39
315 413 26
315 440 1
315 467 92
316 13 38
316 59 100
316 88 1
316 92 96
316 128 16
316 293 55
316 307 22
316 355 97
316 378 59
316 421 44
316 426 99
316 447 14
316 458 48
316 466 66
316 479 90
316 492 51
317 7 5
317 13 59
317 41 72
317 85 46
317 158 62
317 226 8
317 290 20
317 330 55
317 446 19
318 11 88
318 41 38
318 76 84
318 143 11
318 152 54
318 228 28
318 288 13
318 300 94
318 383 96
318 471 31
319 1 35
319 22 44
319 59 16
319 109 42
319 144 43
319 163 29
319 174 40
319 261 6
319 406 19
319 412 99
319 473 38
319 496 34
320 7 78
320 116 59
320 141 99
320 145 47
320 154 15
320 163 48
320 263 84
320 265 94
320 287 34
320 332 36
320 366 75
320 495 70
321 19 56
321 34 90
321 67 35
321 213 57
321 221 52
321 233 84
321 268 46
321 293 68
321 307 4
321 385 19
321 386 82
321 416 46
321 438 32
322 16 58
322 100 3
322 102 4
322 107 45
322 132 67
322 201 3
322 217 32
322 247 2
322 269 24
322 286 86
322 289 23
322 354 44
322 420 53
322 455 11
322 464 67
322 499 31
323 18 57
323 105 69
323 174 69
323 204 83
323 214 46
323 230 97
323 293 19
323 315 95
323 336 76
323 350 88
323 443 15
324 13 93
324 23 10
324 96 56
324 173 9
324 196 40
324 287 86
324 293 17
324 301 7
324 358 60
324 374 20
324 397 72
324 405 40
324 474 9
325 152 79
325 205 100
325 220 67
325 258 66
325 292 93
325 349 76
325 355 29
325 356 45
325 451 20
325 481 12
325 483 95
325 498 99
326 10 89
326 60 76
326 100 4
326 104 57
326 236 80
326 268 60
326 299 22
326 302 36
326 474 67
327 23 41
327 53 19
327 237 24
327 392 61
328 18 67
328 23 72
328 113 48
328 137 99
328 250 76
328 280 27
328 294 71
328 430 22
328 458 53
328 475 38
328 494 31
329 16 42
329 23 77
329 82 69
329 102 45
329 277 39
329 300 8
329 361 63
329 412 68
329 418 68
329 426 66
329 437 96
330 167 27
330 190 61
330 314 40
330 317 83
330 350 14
330 390 91
330 391 14
330 427 70
330 498 88
331 71 72
331 92 71
331 97 30
331 126 70
331 165 93
331 255 40
331 290 64
331 379 60
332 45 39
332 251 19
332 275 40
332 279 14
332 289 38
332 320 89
332 353 96
332 381 77
332 382 92
332 394 18
332 421 12
333 22 13
333 51 62
333 62 98
333 85 29
333 152 77
333 175 62
333 199 13
333 393 12
333 464 20
334 25 74
334 149 26
334 282 92
334 339 39
334 359 38
334 363 14
334 377 100
334 391 32
334 467 80
335 32 74
335 135 38
335 215 13
335 250 94
335 278 82
335 394 10
335 439 63
335 443 15
335 451 21
336 60 62
336 181 12
336 210 26
336 227 98
336 300 45
336 323 73
336 358 31
336 401 47
336 434 67
337 3 26
337 70 94
337 82 26
337 94 99
337 131 52
337 184 50
337 233 89
337 242 55
337 245 49
337 393 20
337 395 67
337 491 50
338 14 93
338 47 82
338 59 16
338 82 57
338 132 100
338 135 2
338 140 17
338 143 94
338 145 48
338 157 88
338 272 91
338 284 64
338 373 11
338 409 66
338 445 68
339 44 83
339 80 54
339 88 98
339 103 91
339 130 22
339 154 21
339 187 23
339 224 44
339 334 16
339 351 64
339 369 80
339 370 92
339 410 75
339 414 58
339 452 68
339 486 50
339 498 59
340 58 23
340 78 64
340 99 78
340 120 20
340 363 95
340 388 10
340 462 51
341 26 37
341 47 19
341 95 29
341 100 6
341 191 68
341 208 64
341 244 64
341 271 9
341 274 48
341 350 88
341 419 70
342 10 61
342 43 48
342 159 77
342 161 60
342 228 36
342 288 15
342 390 56
342 409 4
342 411 87
342 437 74
342 486 56
343 69 35
343 71 18
343 141 34
343 156 22
343 173 59
343 187 77
343 190 16
343 206 20
343 302 65
343 382 90
344 96 91
344 106 29
344 112 69
344 175 91
344 221 98
344 224 46
344 274 96
344 304 14
344 312 85
344 354 65
344 363 32
344 373 29
344 421 92
345 5 79
345 90 28
345 113 39
345 142 47
345 206 50
345 267 61
345 290 98
345 411 3
345 442 7
346 79 36
346 177 100
346 224 31
346 236 45
346 239 92
346 412 6
346 440 57
347 45 84
347 211 9
347 267 59
347 421 49
347 447 65
348 158 70
348 275 67
348 280 8
348 310 7
348 376 4
349 7 90
349 52 18
349 60 9
349 253 100
349 314 11
349 325 80
349 354 88
349 442 51
349 446 52
349 463 33
349 480 57
350 28 31
350 37 63
350 50 12
350 105 100
350 144 54
350 323 13
350 330 99
350 341 73
351 45 31
351 48 60
351 53 8
351 70 39
351 83 14
351 116 97
351 246 40
351 339 25
351 367 94
351 400 87
351 448 78
352 17 50
352 18 44
352 163 43
352 170 19
352 224 7
352 277 8
352 282 50
352 442 86
353 1 100
353 12 20
353 20 3
353 24 68
353 58 99
353 109 27
353 190 61
353 302 69
353 332 99
353 486 28
354 118 45
354 132 73
354 143 45
354 157 44
354 322 1
354 344 9
354 349 96
354 460 66
355 3 99
355 63 90
355 66 61
355 180 78
355 225 42
355 300 83
355 316 68
355 325 8
355 367 82
355 373 77
355 411 95
355 458 8
355 479 69
356 2 31
356 14 65
356 33 20
356 89 30
356 220 21
356 241 12
356 252 81
356 307 68
356 325 31
356 453 45
357 51 98
357 71 86
357 72 7
357 104 90
357 113 64
357 186 59
357 393 52
357 418 54
357 437 8
358 50 14
358 211 68
358 314 92
358 324 18
358 336 43
358 381 51
358 409 66
358 470 64
359 32 2
359 168 66
359 175 90
359 226 79
359 334 21
359 368 17
359 452 39
360 54 30
360 70 36
360 96 7
360 103 65
360 122 21
360 376 5
360 394 5
360 480 60
360 481 66
361 52 92
361 93 73
361 179 81
361 329 68
361 424 25
361 437 74
362 40 24
362 53 16
362 60 56
362 61 30
362 111 88
362 364 34
362 366 45
362 495 95
363 47 45
363 76 37
363 115 29
363 238 62
363 242 44
363 283 49
363 298 37
363 334 71
363 340 73
363 344 26
363 433 28
364 113 68
364 221 4
364 362 15
364 395 85
364 464 98
365 110 35
365 123 86
365 150 17
365 154 56
365 192 94
365 210 12
365 222 12
365 386 2
365 393 47
365 414 81
365 487 58
366 25 15
366 124 11
366 144 72
366 145 5
366 220 79
366 257 17
366 277 45
366 320 22
366 362 32
366 374 26
366 403 58
366 405 78
367 27 65
367 50 18
367 72 45
367 131 47
367 136 12
367 184 74
367 246 51
367 279 56
367 351 77
367 355 91
367 386 43
367 483 7
368 109 51
368 359 89
368 393 66
368 441 87
369 67 36
369 113 28
369 120 89
369 166 26
369 269 39
369 305 31
369 339 69
369 385 78
369 481 27
370 39 33
370 85 1
370 294 48
370 310 51
370 339 38
371 27 42
371 44 84
371 75 7
371 150 24
371 206 39
371 271 48
371 373 74
371 383 54
371 405 41
371 433 81
371 454 59
371 464 97
371 470 57
372 11 38
372 50 66
372 92 64
372 141 83
372 155 52
372 296 6
372 451 37
372 455 10
372 493 24
373 16 78
373 19 89
373 103 29
373 160 78
373 163 75
373 338 40
373 344 50
373 355 7
373 371 27
373 385 72
373 416 70
373 432 36
373 493 88
374 21 35
374 156 39
374 324 92
374 366 7
374 439 78
374 487 49
375 214 82
375 286 78
375 301 90
376 12 87
376 31 63
376 77 46
376 164 55
376 294 42
376 348 5
376 360 52
376 427 32
376 459 58
376 468 78
377 13 77
377 61 81
377 67 9
377 88 76
377 94 49
377 101 62
377 147 35
377 201 52
377 221 14
377 245 18
377 312 61
377 334 44
377 482 53
378 22 26
378 24 6
378 99 88
378 157 79
378 192 33
378 280 14
378 296 95
378 316 25
378 398 8
378 403 49
378 497 32
379 71 7
379 131 90
379 166 8
379 184 33
379 236 2
379 309 4
379 331 43
380 35 90
380 49 32
380 79 62
380 127 25
380 138 28
380 140 49
380 148 13
380 263 42
380 271 25
380 304 7
380 395 92
380 421 79
381 8 89
381 16 61
381 180 21
381 181 92
381 204 30
381 226 67
381 234 95
381 242 29
381 247 68
381 332 32
381 358 16
381 457 1
381 489 18
381 494 2
382 69 47
382 82 69
382 91 24
382 134 29
382 141 82
382 143 22
382 332 57
382 343 16
383 56 47
383 62 92
383 110 32
383 204 20
383 211 17
383 312 91
383 318 93
383 371 55
383 387 97
383 458 8
383 465 64
383 473 97
384 48 58
384 52 26
384 77 82
384 90 78
384 111 69
384 200 89
384 233 87
384 457 94
385 34 72
385 48 82
385 49 24
385 70 61
385 135 82
385 321 14
385 369 81
385 373 28
385 414 31
385 430 51
385 431 1
385 436 70
385 489 1
386 46 31
386 101 78
386 125 44
386 211 92
386 217 39
386 235 93
386 311 98
386 321 98
386 365 49
386 367 62
386 441 22
386 487 16
387 66 41
387 160 100
387 203 33
387 210 47
387 383 56
387 469 83
388 1 86
388 64 32
388 86 68
388 96 83
388 136 99
388 179 3
388 221 3
388 234 27
388 235 1
388 285 71
388 340 12
388 444 64
388 446 56
388 458 78
389 30 29
389 90 47
389 95 51
389 136 92
389 183 31
389 263 7
389 275 88
389 308 69
389 436 42
390 60 30
390 101 91
390 117 100
390 125 21
390 186 51
390 192 32
390 207 79
390 267 26
390 314 11
390 330 4
390 342 79
390 446 59
390 456 18
390 461 6
391 19 34
391 176 91
391 214 71
391 254 31
391 330 44
391 334 86
391 404 72
391 431 69
391 454 86
391 461 55
391 478 97
392 45 98
392 134 55
392 140 7
392 141 25
392 167 8
392 219 66
392 275 37
392 327 10
392 393 16
392 396 91
392 404 46
392 422 24
392 427 16
392 436 33
392 454 61
392 478 16
393 21 57
393 62 11
393 69 30
393 157 54
393 210 90
393 274 47
393 291 5
393 333 44
393 337 100
393 357 70
393 365 41
393 368 93
393 392 81
393 425 75
393 428 64
393 434 57
393 438 32
394 63 63
394 227 13
394 245 97
394 255 15
394 278 55
394 285 42
394 293 76
394 294 96
394 296 50
394 332 30
394 335 44
394 360 61
394 417 19
395 7 27
395 64 31
395 141 36
395 176 89
395 190 100
395 220 42
395 251 27
395 259 43
395 337 58
395 364 52
395 380 78
395 450 72
396 9 86
396 26 100
396 89 15
396 97 89
396 169 60
396 173 13
396 277 44
396 392 7
396 431 38
396 434 54
396 436 10
397 9 52
397 58 12
397 70 91
397 122 44
397 203 44
397 213 24
397 215 47
397 237 23
397 299 56
397 324 5
397 442 60
397 447 94
398 25 16
398 31 38
398 53 84
398 55 19
398 149 76
398 175 7
398 180 57
398 188 72
398 192 17
398 311 88
398 378 11
398 475 17
399 95 94
399 134 65
399 139 77
399 144 69
399 190 15
399 200 19
399 247 48
399 285 88
399 299 45
399 415 53
399 466 90
399 470 43
399 494 12
400 30 79
400 82 8
400 86 30
400 116 53
400 166 68
400 175 32
400 178 23
400 199 62
400 220 2
400 251 99
400 252 44
400 351 29
400 453 97
400 473 6
400 486 98
401 67 57
401 202 66
401 218 90
401 225 4
401 336 82
401 450 17
402 48 86
402 91 33
402 106 88
402 109 51
402 211 27
402 263 43
402 418 61
402 423 90
402 476 69
403 86 50
403 366 49
403 378 57
403 412 31
403 420 31
403 424 71
403 442 62
403 456 55
404 100 91
404 103 40
404 132 34
404 202 80
404 286 26
404 391 63
404 392 75
404 435 62
404 440 72
405 10 91
405 92 40
405 182 47
405 185 87
405 188 8
405 191 26
405 324 39
405 366 35
405 371 7
405 438 54
406 2 58
406 44 91
406 165 42
406 180 33
406 188 80
406 222 92
406 319 28
406 438 54
406 491 50
407 37 17
407 53 76
407 151 54
407 156 69
407 201 26
407 206 75
407 272 83
407 305 66
408 8 69
408 57 90
408 71 55
408 106 54
408 166 60
408 176 57
408 178 32
408 265 23
408 411 6
408 435 86
409 19 28
409 50 98
409 94 96
409 110 57
409 116 73
409 140 48
409 150 94
409 258 48
409 273 75
409 283 17
409 338 88
409 342 73
409 358 85
410 25 75
410 63 55
410 92 40
410 126 3
410 174 90
410 212 55
410 220 33
410 339 51
410 431 33
411 8 22
411 30 100
411 101 91
411 253 49
411 272 88
411 309 50
411 342 11
411 345 92
411 355 50
411 408 38
411 433 37
411 452 29
411 455 35
411 464 6
411 487 33
412 82 77
412 104 8
412 160 22
412 175 38
412 254 74
412 290 70
412 308 83
412 319 65
412 329 14
412 346 73
412 403 56
412 474 65
413 50 49
413 64 96
413 74 4
413 78 63
413 114 4
413 175 76
413 182 13
413 206 95
413 234 58
413 299 1
413 315 23
413 453 10
413 469 95
414 5 2
414 112 16
414 132 3
414 156 42
414 178 53
414 339 36
414 365 97
414 385 94
414 440 85
414 445 53
414 460 75
415 57 37
415 106 66
415 126 67
415 201 53
415 215 80
415 262 51
415 399 69
415 416 92
415 427 81
415 476 88
415 494 67
416 81 17
416 161 26
416 230 5
416 301 19
416 308 1
416 321 32
416 373 97
416 415 73
416 430 56
416 452 69
416 486 100
417 56 28
417 79 67
417 110 76
417 193 78
417 237 16
417 256 43
417 271 5
417 307 17
417 394 64
417 451 64
418 14 92
418 22 27
418 37 15
418 130 56
418 273 65
418 279 16
418 329 9
418 357 94
418 402 8
418 451 40
418 480 99
418 492 5
419 1 47
419 6 93
419 58 12
419 119 24
419 223 50
419 289 59
419 305 37
419 341 87
419 426 24
419 430 68
419 450 17
420 29 6
420 203 90
420 210 62
420 222 53
420 267 60
420 322 75
420 403 14
420 488 31
421 21 12
421 25 3
421 86 64
421 139 29
421 219 22
421 244 19
421 267 68
421 306 9
421 316 40
421 332 7
421 344 31
421 347 28
421 380 44
421 426 52
421 473 71
422 155 64
422 294 85
422 392 99
422 474 79
423 33 99
423 83 30
423 105 80
423 178 54
423 190 52
423 226 98
423 293 76
423 309 79
423 402 31
423 435 26
423 438 76
424 51 73
424 115 85
424 158 84
424 304 97
424 361 71
424 403 12
425 33 88
425 34 88
425 43 30
425 158 12
425 190 46
425 200 77
425 225 7
425 306 63
425 393 73
426 44 38
426 85 21
426 219 68
426 288 47
426 295 30
426 316 76
426 329 97
426 419 55
426 421 56
426 458 53
426 461 94
426 463 86
426 467 36
427 19 8
427 45 19
427 330 42
427 376 77
427 392 56
427 415 45
427 433 46
428 65 77
428 82 51
428 285 70
428 393 29
429 77 72
429 112 38
429 134 97
429 194 94
429 201 51
429 484 58
430 42 19
430 47 78
430 112 51
430 169 3
430 218 81
430 255 84
430 270 92
430 305 56
430 328 48
430 385 92
430 416 30
430 419 89
430 449 39
430 487 48
431 6 52
431 9 97
431 47 45
431 48 90
431 70 72
431 91 95
431 154 19
431 197 64
431 236 53
431 272 71
431 283 64
431 313 27
431 385 30
431 391 44
431 396 60
431 410 59
431 478 79
432 51 44
432 58 99
432 185 98
432 242 90
432 249 6
432 373 11
432 455 99
432 477 94
433 10 90
433 25 85
433 29 75
433 56 77
433 85 79
433 151 69
433 189 40
433 363 45
433 371 57
433 411 25
433 427 45
433 462 27
433 474 40
433 484 41
434 115 47
434 135 54
434 159 100
434 284 44
434 336 11
434 393 93
434 396 23
434 470 88
434 476 14
434 492 73
434 497 58
434 498 28
435 50 30
435 105 3
435 197 30
435 242 2
435 287 50
435 404 84
435 408 71
435 423 2
435 437 23
435 477 62
436 147 26
436 150 4
436 153 49
436 167 94
436 182 29
436 183 88
436 291 82
436 385 3
436 389 43
436 392 62
436 396 12
436 498 54
437 37 43
437 59 30
437 107 47
437 119 76
437 202 51
437 266 12
437 329 30
437 342 23
437 357 40
437 361 75
437 435 7
437 459 87
437 462 40
437 472 12
437 476 11
437 488 46
438 21 87
438 55 99
438 68 54
438 78 47
438 113 68
438 152 62
438 253 39
438 260 76
438 303 38
438 321 59
438 393 66
438 405 59
438 406 73
438 423 12
439 45 69
439 115 10
439 130 62
439 156 26
439 190 83
439 252 94
439 303 84
439 335 1
439 374 15
439 470 93
440 3 31
440 42 17
440 44 18
440 53 15
440 117 86
440 190 26
440 220 17
440 315 36
440 346 97
440 404 13
440 414 92
441 12 27
441 25 74
441 224 12
441 226 28
441 264 37
441 278 97
441 368 64
441 386 46
441 477 96
442 5 74
442 56 77
442 126 5
442 188 19
442 275 88
442 345 56
442 349 3
442 352 28
442 397 48
442 403 17
442 445 56
442 485 40
442 491 24
443 49 23
443 90 94
443 153 49
443 257 31
443 289 69
443 298 54
443 323 72
443 335 20
444 107 78
444 120 10
444 162 4
444 257 29
444 292 14
444 388 25
444 482 23
445 0 42
445 33 94
445 143 56
445 154 25
445 164 20
445 192 90
445 213 50
445 254 96
445 261 64
445 270 14
445 310 71
445 338 76
445 414 97
445 442 39
446 11 9
446 26 45
446 31 3
446 116 11
446 167 65
446 176 26
446 208 15
446 222 12
446 251 73
446 317 95
446 349 96
446 388 10
446 390 18
446 483 33
447 27 82
447 41 37
447 104 7
447 124 37
447 148 84
447 185 30
447 316 16
447 347 44
447 397 99
448 29 70
448 244 31
448 281 34
448 351 51
448 464 44
449 34 5
449 65 58
449 91 17
449 92 90
449 147 65
449 194 19
449 221 66
449 430 56
450 39 10
450 57 58
450 69 37
450 91 9
450 181 18
450 182 28
450 189 90
450 309 93
450 395 1
450 401 6
450 419 55
450 470 5
451 40 93
451 42 67
451 67 3
451 81 19
451 151 13
451 234 12
451 242 63
451 298 24
451 325 55
451 335 21
451 372 93
451 417 97
451 418 64
451 456 24
451 459 94
451 473 89
452 142 18
452 184 69
452 236 77
452 255 10
452 339 27
452 359 17
452 411 85
452 416 61
452 495 68
453 1 57
453 3 50
453 73 100
453 124 10
453 133 38
453 138 84
453 213 100
453 356 91
453 400 31
453 413 93
453 486 15
454 100 65
454 145 76
454 198 16
454 223 25
454 267 26
454 371 76
454 391 60
454 392 94
454 491 46
455 189 96
455 221 4
455 252 3
455 298 44
455 322 91
455 372 83
455 411 90
455 432 96
456 90 13
456 242 29
456 390 74
456 403 72
456 451 71
457 20 41
457 35 78
457 117 44
457 188 56
457 193 3
457 196 42
457 230 60
457 381 56
457 384 13
458 15 55
458 92 57
458 188 78
458 191 61
458 203 81
458 258 47
458 316 22
458 328 84
458 355 72
458 383 64
458 388 39
458 426 69
458 460 11
459 28 75
459 73 67
459 306 61
459 313 75
459 376 55
459 437 70
459 451 75
459 474 82
460 10 84
460 38 31
460 59 34
460 354 15
460 414 39
460 458 65
461 63 31
461 109 37
461 390 71
461 391 58
461 426 95
461 462 76
462 32 72
462 81 73
462 189 89
462 233 24
462 281 64
462 307 71
462 340 57
462 433 44
462 437 10
462 461 53
462 482 29
463 27 96
463 156 80
463 180 67
463 196 32
463 280 19
463 349 2
463 426 45
464 56 11
464 89 38
464 103 81
464 322 40
464 333 89
464 364 83
464 371 54
464 411 96
464 448 44
464 478 59
465 41 79
465 70 2
465 161 90
465 213 16
465 214 95
465 269 24
465 278 54
465 301 2
465 383 26
465 472 8
466 55 26
466 64 41
466 198 42
466 208 35
466 246 27
466 276 88
466 312 10
466 316 76
466 399 29
467 85 3
467 196 4
467 218 57
467 219 56
467 222 81
467 255 25
467 308 23
467 315 11
467 334 62
467 426 18
468 27 18
468 68 80
468 78 10
468 92 71
468 123 34
468 138 7
468 168 79
468 253 85
468 274 3
468 376 13
469 50 57
469 108 78
469 141 22
469 158 10
469 175 55
469 198 30
469 387 6
469 413 99
470 9 98
470 31 24
470 73 76
470 252 54
470 358 72
470 371 49
470 399 28
470 434 72
470 439 46
470 450 31
470 480 37
470 493 19
471 35 96
471 44 62
471 142 99
471 228 34
471 318 88
471 481 34
471 494 79
472 24 74
472 49 7
472 74 40
472 162 89
472 182 56
472 208 46
472 266 100
472 437 71
472 465 88
473 53 18
473 141 33
473 169 76
473 243 31
473 246 4
473 269 71
473 319 49
473 383 41
473 400 3
473 421 98
473 451 98
473 479 75
474 54 51
474 71 19
474 111 31
474 158 89
474 242 95
474 324 19
474 326 46
474 412 34
474 422 91
474 433 21
474 459 58
474 487 99
475 44 8
475 81 83
475 146 20
475 283 31
475 328 80
475 398 89
476 34 13
476 144 93
476 163 62
476 187 41
476 230 52
476 251 22
476 260 30
476 263 22
476 402 71
476 415 28
476 434 95
476 437 2
476 482 94
477 79 46
477 143 13
477 204 57
477 208 40
477 210 95
477 432 7
477 435 75
477 441 30
478 12 48
478 24 92
478 27 24
478 94 43
478 120 54
478 131 67
478 205 67
478 252 74
478 391 7
478 392 58
478 431 4
478 464 26
478 498 76
479 12 44
479 58 67
479 108 56
479 146 53
479 162 72
479 305 63
479 316 1
479 355 8
479 473 26
479 483 31
479 485 6
480 1 4
480 6 97
480 35 65
480 49 80
480 172 3
480 188 55
480 220 82
480 266 91
480 281 55
480 349 70
480 360 80
480 418 23
480 470 90
480 491 13
481 25 6
481 27 99
481 53 58
481 70 21
481 87 90
481 95 67
481 105 25
481 155 36
481 261 53
481 325 77
481 360 27
481 369 13
481 471 22
481 486 54
481 488 18
482 24 8
482 72 64
482 209 76
482 238 88
482 282 66
482 377 56
482 444 78
482 462 21
482 476 5
482 486 80
483 80 86
483 144 17
483 210 68
483 238 55
483 263 66
483 277 78
483 306 69
483 325 6
483 367 14
483 446 14
483 479 22
483 493 10
484 11 32
484 64 11
484 112 23
484 203 31
484 309 16
484 314 81
484 429 75
484 433 68
484 489 74
485 38 17
485 48 21
485 68 87
485 107 19
485 156 5
485 308 36
485 442 2
485 479 16
486 169 49
486 208 92
486 339 44
486 342 58
486 353 39
486 400 70
486 416 50
486 453 96
486 481 77
486 482 13
487 131 59
487 166 39
487 365 46
487 374 58
487 386 63
487 411 21
487 430 69
487 474 52
488 165 8
488 420 89
488 437 1
488 481 91
489 6 78
489 29 89
489 52 28
489 104 38
489 143 51
489 277 24
489 381 19
489 385 65
489 484 44
490 4 69
490 31 97
490 145 39
490 186 56
490 210 96
490 237 77
490 259 32
490 276 34
490 299 72
490 301 75
491 6 40
491 13 88
491 37 97
491 44 89
491 116 82
491 129 73
491 147 78
491 172 1
491 187 10
491 216 76
491 219 22
491 242 11
491 337 58
491 406 42
491 442 29
491 454 15
491 480 32
492 0 66
492 65 51
492 79 44
492 84 44
492 144 91
492 224 3
492 242 18
492 246 89
492 261 28
492 265 49
492 304 2
492 312 48
492 316 45
492 418 74
492 434 27
493 1 67
493 38 56
493 39 5
493 95 18
493 112 99
493 226 62
493 274 30
493 283 81
493 301 48
493 372 48
493 373 82
493 470 86
493 483 12
494 5 99
494 178 54
494 268 2
494 328 91
494 381 84
494 399 67
494 415 89
494 471 56
495 13 62
495 22 87
495 23 60
495 246 36
495 281 93
495 320 45
495 362 13
495 452 59
496 47 75
496 62 30
496 100 9
496 126 81
496 180 94
496 242 76
496 250 78
496 319 15
496 497 91
497 144 55
497 175 73
497 205 45
497 213 69
497 248 55
497 378 29
497 434 43
497 496 18
498 325 81
498 330 96
498 339 35
498 434 96
498 436 37
498 478 59
499 8 35
499 48 2
499 73 55
499 77 12
499 101 35
499 113 9
499 171 30
499 209 83
499 252 25
499 322 70
